txn_id,from_wallet,to_wallet,amount,timestamp,asset_type,is_fraud
T04911,W0049,W0050,504353.35,2025-05-31 15:16:00,USD,0
T06318,W0006,W0093,400301.59,2025-05-31 14:40:00,BOND,0
T04443,W0022,W0011,483249.08,2025-05-31 12:25:00,BOND,0
T00226,W0100,W0084,398969.66,2025-05-31 15:21:00,USD,0
T04230,W0034,W0070,481908.66,2025-05-31 11:15:00,FX,0
T04901,W0036,W0070,564933.05,2025-05-31 12:37:00,BOND,0
T01965,W0021,W0026,538888.54,2025-05-31 14:40:00,FX,0
T02115,W0060,W0061,526638.07,2025-05-31 11:12:00,FX,0
T06510,W0090,W0053,536840.71,2025-05-31 14:21:00,USD,0
T06485,W0021,W0047,260930.34,2025-05-31 15:22:00,FX,0
T01638,W0079,W0008,474448.1,2025-05-31 09:56:00,USD,0
T01014,W0028,W0071,523873.48,2025-05-31 12:24:00,BOND,0
T07434,W0080,W0094,381740.38,2025-05-31 18:38:00,FX,0
T02426,W0060,W0027,587020.44,2025-05-31 13:33:00,FX,0
T06387,W0060,W0046,414133.16,2025-05-31 12:54:00,USD,0
T01837,W0065,W0036,726792.54,2025-05-31 17:24:00,BOND,0
T06450,W0024,W0016,571207.44,2025-05-31 10:22:00,USD,0
T09854,W0072,W0059,1043805.31,2025-05-31 06:50:29,FX,1
T04503,W0018,W0066,382237.49,2025-05-31 18:35:00,BOND,0
T08563,W0054,W0027,990607.16,2025-05-31 06:50:29,BOND,1
T01335,W0025,W0100,624714.05,2025-05-31 17:55:00,FX,0
T08673,W0077,W0049,958004.89,2025-05-31 07:50:29,USD,1
T08332,W0006,W0034,1047249.02,2025-05-31 08:50:29,BOND,1
T08524,W0095,W0067,951207.54,2025-05-31 06:50:29,FX,1
T07635,W0038,W0035,605901.45,2025-05-31 14:15:00,FX,0
T09569,W0059,W0056,1112007.12,2025-05-31 08:50:29,FX,1
T08516,W0081,W0091,912044.27,2025-05-31 08:50:29,FX,1
T08745,W0042,W0065,1113392.1,2025-05-31 08:50:29,FX,1
T00410,W0076,W0012,551820.66,2025-05-31 11:42:00,FX,0
T09232,W0023,W0070,923129.95,2025-05-31 08:50:29,USD,1
T02767,W0022,W0007,626974.96,2025-05-31 11:00:00,BOND,0
T06077,W0029,W0033,510474.1,2025-05-31 12:55:00,USD,0
T07112,W0078,W0016,415596.18,2025-05-31 17:03:00,FX,0
T03924,W0061,W0077,569664.16,2025-05-31 09:43:00,USD,0
T09284,W0069,W0086,1100402.54,2025-05-31 06:50:29,BOND,1
T00520,W0003,W0088,579058.1,2025-05-31 09:40:00,USD,0
T07564,W0045,W0090,575070.13,2025-05-31 15:30:00,FX,0
T02001,W0073,W0054,424869.72,2025-05-31 10:22:00,USD,0
T04385,W0091,W0068,559995.52,2025-05-31 17:23:00,BOND,0
T03815,W0070,W0097,631825.71,2025-05-31 13:41:00,FX,0
T09112,W0014,W0016,972050.46,2025-05-31 06:50:29,USD,1
T01371,W0036,W0034,608134.26,2025-05-31 13:02:00,USD,0
T00494,W0020,W0054,386157.6,2025-05-31 14:53:00,BOND,0
T08853,W0082,W0100,977540.86,2025-05-31 08:50:29,USD,1
T09872,W0060,W0001,1036433.92,2025-05-31 07:50:29,FX,1
T00168,W0096,W0005,566670.8,2025-05-31 11:33:00,BOND,0
T04570,W0062,W0100,590725.87,2025-05-31 18:08:00,FX,0
T02106,W0040,W0029,349172.4,2025-05-31 13:48:00,USD,0
T07739,W0040,W0041,1047942.24,2025-05-31 07:50:29,BOND,1
T00579,W0086,W0091,393948.31,2025-05-31 15:24:00,BOND,0
T06321,W0016,W0063,510261.22,2025-05-31 13:53:00,BOND,0
T02198,W0096,W0089,566495.78,2025-05-31 17:59:00,USD,0
T08192,W0017,W0036,978209.36,2025-05-31 06:50:29,USD,1
T09733,W0020,W0033,1034776.4,2025-05-31 08:50:29,FX,1
T00946,W0007,W0090,483028.81,2025-05-31 16:28:00,USD,0
T06849,W0097,W0039,383246.29,2025-05-31 12:17:00,FX,0
T03459,W0074,W0081,517884.49,2025-05-31 18:17:00,BOND,0
T01257,W0040,W0020,488231.72,2025-05-31 18:10:00,BOND,0
T04371,W0078,W0048,583036.13,2025-05-31 09:47:00,USD,0
T04027,W0082,W0031,473587.81,2025-05-31 17:04:00,FX,0
T09958,W0023,W0046,1172996.47,2025-05-31 07:50:29,USD,1
T02319,W0052,W0020,574116.17,2025-05-31 18:17:00,FX,0
T08013,W0029,W0009,929092.77,2025-05-31 08:50:29,USD,1
T04267,W0100,W0096,642871.07,2025-05-31 10:01:00,USD,0
T04681,W0043,W0059,503178.72,2025-05-31 17:38:00,FX,0
T02870,W0091,W0037,449283.43,2025-05-31 14:50:00,FX,0
T01765,W0013,W0010,523849.3,2025-05-31 15:52:00,BOND,0
T03073,W0056,W0041,762609.98,2025-05-31 18:27:00,BOND,0
T07075,W0066,W0007,450893.24,2025-05-31 17:44:00,BOND,0
T07973,W0020,W0045,1081537.41,2025-05-31 07:50:29,USD,1
T04543,W0033,W0047,571184.4,2025-05-31 18:37:00,USD,0
T02313,W0094,W0058,684383.45,2025-05-31 18:25:00,FX,0
T07370,W0078,W0025,580006.02,2025-05-31 11:56:00,FX,0
T08711,W0089,W0044,1080446.57,2025-05-31 08:50:29,BOND,1
T05993,W0094,W0002,440549.46,2025-05-31 15:20:00,USD,0
T00313,W0082,W0095,381380.25,2025-05-31 13:26:00,FX,0
T06729,W0027,W0030,521525.44,2025-05-31 13:05:00,USD,0
T06692,W0048,W0071,484557.43,2025-05-31 12:33:00,USD,0
T05220,W0075,W0084,513498.64,2025-05-31 11:22:00,USD,0
T08903,W0008,W0021,1066999.08,2025-05-31 06:50:29,BOND,1
T00764,W0091,W0086,525094.1,2025-05-31 12:25:00,FX,0
T08892,W0085,W0002,913981.18,2025-05-31 06:50:29,BOND,1
T03086,W0074,W0020,529035.67,2025-05-31 13:51:00,USD,0
T04397,W0069,W0012,494835.6,2025-05-31 10:13:00,FX,0
T05160,W0018,W0061,408531.54,2025-05-31 16:19:00,FX,0
T06994,W0008,W0079,421073.43,2025-05-31 16:03:00,USD,0
T02045,W0011,W0032,423819.23,2025-05-31 12:56:00,FX,0
T01164,W0090,W0024,391942.82,2025-05-31 11:46:00,FX,0
T04474,W0093,W0089,416563.0,2025-05-31 12:55:00,FX,0
T03732,W0082,W0096,421874.39,2025-05-31 11:03:00,BOND,0
T00940,W0002,W0072,577100.31,2025-05-31 17:43:00,FX,0
T02562,W0050,W0033,499076.82,2025-05-31 13:25:00,USD,0
T05921,W0070,W0032,493119.39,2025-05-31 18:31:00,FX,0
T05713,W0039,W0065,464114.21,2025-05-31 14:39:00,FX,0
T02220,W0005,W0096,409773.07,2025-05-31 10:07:00,FX,0
T06833,W0026,W0014,494275.54,2025-05-31 18:11:00,FX,0
T02603,W0004,W0022,465441.02,2025-05-31 14:20:00,FX,0
T00165,W0061,W0049,640794.8,2025-05-31 12:04:00,USD,0
T08349,W0007,W0032,1168242.61,2025-05-31 07:50:29,BOND,1
T00293,W0084,W0083,424397.96,2025-05-31 12:09:00,USD,0
T03945,W0024,W0075,415176.21,2025-05-31 17:40:00,USD,0
T04541,W0077,W0044,387837.78,2025-05-31 09:17:00,USD,0
T07082,W0047,W0024,486507.94,2025-05-31 13:33:00,BOND,0
T07059,W0050,W0027,623303.47,2025-05-31 14:03:00,FX,0
T07692,W0054,W0036,1018159.06,2025-05-31 08:50:29,FX,1
T05742,W0011,W0089,494548.19,2025-05-31 17:05:00,BOND,0
T06712,W0003,W0003,473827.16,2025-05-31 12:31:00,FX,0
T05306,W0053,W0069,417114.52,2025-05-31 17:26:00,FX,0
T09459,W0070,W0021,986338.67,2025-05-31 06:50:29,BOND,1
T01195,W0066,W0082,392178.34,2025-05-31 17:44:00,BOND,0
T07321,W0015,W0041,605890.97,2025-05-31 15:47:00,FX,0
T02492,W0088,W0082,327114.96,2025-05-31 18:36:00,USD,0
T04128,W0045,W0053,616150.08,2025-05-31 09:54:00,USD,0
T03909,W0078,W0030,330151.26,2025-05-31 14:41:00,USD,0
T04768,W0077,W0031,540178.87,2025-05-31 12:18:00,FX,0
T08068,W0027,W0046,933305.95,2025-05-31 06:50:29,BOND,1
T01411,W0092,W0001,727822.81,2025-05-31 09:46:00,FX,0
T08070,W0019,W0004,1124509.11,2025-05-31 07:50:29,BOND,1
T01707,W0015,W0007,452745.07,2025-05-31 14:04:00,USD,0
T06404,W0066,W0010,568542.97,2025-05-31 12:00:00,FX,0
T03006,W0001,W0026,503507.31,2025-05-31 15:50:00,BOND,0
T02090,W0038,W0076,508355.87,2025-05-31 17:22:00,FX,0
T02934,W0090,W0091,477726.72,2025-05-31 14:28:00,BOND,0
T07763,W0049,W0002,1065246.62,2025-05-31 06:50:29,FX,1
T02179,W0017,W0091,397309.38,2025-05-31 16:56:00,USD,0
T02778,W0032,W0097,453261.75,2025-05-31 11:20:00,USD,0
T07423,W0092,W0066,499349.97,2025-05-31 18:38:00,BOND,0
T04124,W0030,W0099,464068.01,2025-05-31 12:36:00,FX,0
T00332,W0057,W0032,586106.64,2025-05-31 16:03:00,USD,0
T09885,W0055,W0073,1069177.89,2025-05-31 08:50:29,BOND,1
T05314,W0060,W0021,636567.25,2025-05-31 13:17:00,USD,0
T09742,W0100,W0044,977869.84,2025-05-31 06:50:29,USD,1
T04844,W0064,W0070,560276.29,2025-05-31 17:11:00,BOND,0
T05046,W0068,W0001,593061.31,2025-05-31 10:41:00,BOND,0
T02838,W0068,W0070,564606.37,2025-05-31 16:24:00,FX,0
T02176,W0007,W0031,455240.13,2025-05-31 17:23:00,BOND,0
T02358,W0058,W0027,464553.41,2025-05-31 13:54:00,BOND,0
T03358,W0062,W0058,493611.71,2025-05-31 12:16:00,BOND,0
T03546,W0009,W0066,594803.83,2025-05-31 13:17:00,BOND,0
T00264,W0061,W0097,437376.53,2025-05-31 17:32:00,BOND,0
T06283,W0023,W0068,402743.05,2025-05-31 09:41:00,BOND,0
T05122,W0075,W0047,502492.36,2025-05-31 13:44:00,FX,0
T03844,W0016,W0051,441980.81,2025-05-31 12:03:00,BOND,0
T02816,W0086,W0075,491249.71,2025-05-31 18:00:00,USD,0
T03528,W0006,W0048,596717.49,2025-05-31 11:27:00,BOND,0
T00838,W0005,W0002,457320.38,2025-05-31 09:03:00,BOND,0
T07580,W0074,W0032,607464.79,2025-05-31 10:03:00,USD,0
T04734,W0094,W0037,407896.12,2025-05-31 13:09:00,USD,0
T05944,W0052,W0086,564499.74,2025-05-31 09:50:00,BOND,0
T03060,W0006,W0027,566641.55,2025-05-31 17:08:00,BOND,0
T01669,W0005,W0002,509252.73,2025-05-31 13:06:00,USD,0
T08837,W0049,W0094,1109168.15,2025-05-31 07:50:29,FX,1
T05800,W0050,W0015,391502.38,2025-05-31 16:30:00,USD,0
T08292,W0048,W0069,1001428.27,2025-05-31 07:50:29,USD,1
T04686,W0079,W0056,559446.49,2025-05-31 09:04:00,BOND,0
T05872,W0010,W0044,508021.77,2025-05-31 13:03:00,BOND,0
T03857,W0041,W0100,674020.84,2025-05-31 14:52:00,USD,0
T05881,W0013,W0007,448106.05,2025-05-31 17:27:00,BOND,0
T07072,W0053,W0042,608803.6,2025-05-31 18:33:00,USD,0
T09150,W0088,W0072,962735.46,2025-05-31 07:50:29,BOND,1
T03166,W0040,W0023,381106.9,2025-05-31 10:56:00,FX,0
T03379,W0087,W0066,508882.6,2025-05-31 16:34:00,USD,0
T08791,W0053,W0073,1073713.5,2025-05-31 08:50:29,FX,1
T05155,W0060,W0085,497824.17,2025-05-31 18:31:00,BOND,0
T05031,W0001,W0020,476368.73,2025-05-31 13:23:00,USD,0
T04098,W0037,W0076,492716.89,2025-05-31 17:48:00,BOND,0
T08419,W0077,W0061,1146852.75,2025-05-31 08:50:29,BOND,1
T03442,W0017,W0078,654586.59,2025-05-31 17:37:00,BOND,0
T06208,W0023,W0019,587368.46,2025-05-31 16:16:00,USD,0
T07204,W0095,W0043,628184.14,2025-05-31 11:57:00,USD,0
T02411,W0026,W0071,384548.43,2025-05-31 18:57:00,FX,0
T02336,W0026,W0047,680682.42,2025-05-31 12:51:00,FX,0
T06615,W0031,W0094,509532.58,2025-05-31 13:30:00,FX,0
T06952,W0080,W0050,700681.31,2025-05-31 09:33:00,USD,0
T04593,W0066,W0093,504068.51,2025-05-31 09:35:00,BOND,0
T04953,W0064,W0007,532806.39,2025-05-31 14:36:00,USD,0
T07131,W0020,W0097,448040.9,2025-05-31 09:14:00,FX,0
T04092,W0049,W0100,621995.66,2025-05-31 17:20:00,FX,0
T06153,W0024,W0031,539613.14,2025-05-31 16:06:00,FX,0
T01619,W0079,W0048,635878.68,2025-05-31 13:51:00,FX,0
T06259,W0061,W0014,511805.76,2025-05-31 12:49:00,USD,0
T09128,W0006,W0055,1079985.61,2025-05-31 08:50:29,FX,1
T04024,W0049,W0021,602368.14,2025-05-31 11:22:00,USD,0
T04088,W0039,W0013,293938.62,2025-05-31 14:52:00,FX,0
T04237,W0011,W0077,383307.16,2025-05-31 14:27:00,FX,0
T03650,W0031,W0031,344526.94,2025-05-31 11:26:00,USD,0
T07024,W0040,W0088,512558.33,2025-05-31 09:14:00,BOND,0
T01931,W0032,W0028,459335.19,2025-05-31 14:04:00,BOND,0
T03521,W0025,W0086,588276.78,2025-05-31 10:24:00,FX,0
T05719,W0042,W0054,613376.94,2025-05-31 11:19:00,FX,0
T05896,W0021,W0081,558758.88,2025-05-31 09:20:00,BOND,0
T09790,W0095,W0097,1075269.26,2025-05-31 06:50:29,BOND,1
T06958,W0020,W0044,484293.59,2025-05-31 16:40:00,USD,0
T01304,W0040,W0026,620463.9,2025-05-31 17:10:00,USD,0
T03065,W0092,W0075,418864.47,2025-05-31 11:26:00,BOND,0
T08241,W0031,W0070,1197163.21,2025-05-31 08:50:29,USD,1
T00066,W0075,W0037,436902.53,2025-05-31 17:17:00,BOND,0
T07913,W0027,W0076,1173404.16,2025-05-31 07:50:29,BOND,1
T09693,W0093,W0069,1040796.07,2025-05-31 06:50:29,USD,1
T03027,W0005,W0015,441957.97,2025-05-31 12:22:00,BOND,0
T00550,W0084,W0093,462853.74,2025-05-31 17:45:00,USD,0
T06514,W0078,W0009,443268.96,2025-05-31 12:26:00,FX,0
T05734,W0061,W0064,476557.85,2025-05-31 14:36:00,BOND,0
T00989,W0062,W0013,432169.66,2025-05-31 11:52:00,FX,0
T06752,W0085,W0069,534043.5,2025-05-31 14:54:00,USD,0
T09072,W0012,W0087,1103542.5,2025-05-31 06:50:29,FX,1
T04146,W0097,W0002,350687.1,2025-05-31 12:44:00,USD,0
T04567,W0068,W0013,445246.41,2025-05-31 16:42:00,BOND,0
T02936,W0015,W0033,388345.9,2025-05-31 14:11:00,BOND,0
T03979,W0056,W0020,441790.35,2025-05-31 16:47:00,BOND,0
T06993,W0071,W0069,610083.36,2025-05-31 10:14:00,FX,0
T06271,W0023,W0035,591752.55,2025-05-31 17:59:00,FX,0
T02394,W0052,W0062,439212.29,2025-05-31 15:34:00,FX,0
T08322,W0025,W0081,922748.25,2025-05-31 07:50:29,BOND,1
T02032,W0016,W0052,608794.5,2025-05-31 13:55:00,FX,0
T04507,W0068,W0070,515373.25,2025-05-31 11:02:00,BOND,0
T07120,W0087,W0084,619672.27,2025-05-31 14:55:00,BOND,0
T07548,W0008,W0055,488709.75,2025-05-31 17:30:00,USD,0
T06345,W0093,W0002,483730.71,2025-05-31 11:58:00,BOND,0
T02061,W0011,W0026,603218.52,2025-05-31 09:32:00,USD,0
T06003,W0080,W0023,523202.8,2025-05-31 15:33:00,BOND,0
T07599,W0015,W0087,661674.08,2025-05-31 12:33:00,USD,0
T07952,W0006,W0067,948895.28,2025-05-31 06:50:29,FX,1
T02587,W0100,W0095,409455.05,2025-05-31 18:58:00,USD,0
T03591,W0066,W0074,406505.04,2025-05-31 16:37:00,USD,0
T08984,W0099,W0086,1067156.58,2025-05-31 06:50:29,BOND,1
T08205,W0092,W0056,990617.88,2025-05-31 06:50:29,BOND,1
T06054,W0067,W0078,605553.36,2025-05-31 13:01:00,USD,0
T00496,W0045,W0064,472638.77,2025-05-31 15:33:00,BOND,0
T01398,W0076,W0023,528639.39,2025-05-31 10:15:00,BOND,0
T03302,W0070,W0009,615775.95,2025-05-31 15:07:00,FX,0
T07019,W0039,W0058,446073.42,2025-05-31 17:39:00,BOND,0
T02848,W0056,W0002,509950.19,2025-05-31 16:50:00,BOND,0
T03165,W0043,W0057,459521.81,2025-05-31 09:46:00,FX,0
T00708,W0004,W0037,375316.16,2025-05-31 18:58:00,USD,0
T03154,W0082,W0019,524980.16,2025-05-31 11:21:00,USD,0
T00788,W0012,W0017,464609.3,2025-05-31 09:23:00,USD,0
T09863,W0038,W0033,1107693.39,2025-05-31 06:50:29,BOND,1
T07385,W0048,W0084,452111.87,2025-05-31 16:04:00,BOND,0
T04751,W0091,W0064,522972.32,2025-05-31 09:58:00,USD,0
T03158,W0006,W0043,539452.18,2025-05-31 11:06:00,USD,0
T01461,W0009,W0071,481490.54,2025-05-31 15:55:00,USD,0
T02444,W0039,W0031,542275.64,2025-05-31 16:43:00,BOND,0
T06302,W0012,W0088,559885.66,2025-05-31 14:16:00,FX,0
T04137,W0076,W0073,387427.64,2025-05-31 11:43:00,BOND,0
T07658,W0011,W0068,1049018.18,2025-05-31 08:50:29,BOND,1
T06857,W0032,W0033,567322.2,2025-05-31 11:35:00,BOND,0
T06780,W0002,W0090,397065.81,2025-05-31 17:21:00,USD,0
T08252,W0058,W0031,1128793.14,2025-05-31 06:50:29,USD,1
T01273,W0009,W0054,429310.46,2025-05-31 10:27:00,USD,0
T02910,W0041,W0089,544291.57,2025-05-31 12:58:00,FX,0
T05200,W0029,W0048,604656.7,2025-05-31 09:26:00,BOND,0
T00777,W0009,W0004,506388.4,2025-05-31 15:31:00,FX,0
T06435,W0012,W0079,536801.33,2025-05-31 16:42:00,FX,0
T03523,W0070,W0027,493065.98,2025-05-31 14:05:00,BOND,0
T04650,W0022,W0055,506504.93,2025-05-31 18:25:00,BOND,0
T00671,W0069,W0026,434822.89,2025-05-31 17:31:00,FX,0
T05690,W0071,W0043,367221.46,2025-05-31 11:39:00,USD,0
T04932,W0036,W0051,472246.09,2025-05-31 12:31:00,BOND,0
T08181,W0016,W0011,925850.13,2025-05-31 06:50:29,FX,1
T09824,W0032,W0076,1053250.02,2025-05-31 06:50:29,BOND,1
T08402,W0024,W0006,1126962.89,2025-05-31 07:50:29,USD,1
T00789,W0087,W0041,553930.59,2025-05-31 17:39:00,BOND,0
T03235,W0042,W0065,374315.46,2025-05-31 13:27:00,BOND,0
T06705,W0002,W0097,462094.11,2025-05-31 12:55:00,FX,0
T03176,W0023,W0009,436486.18,2025-05-31 16:22:00,USD,0
T03854,W0034,W0020,334240.04,2025-05-31 18:23:00,FX,0
T07729,W0044,W0055,1019913.82,2025-05-31 08:50:29,BOND,1
T02863,W0072,W0071,542757.79,2025-05-31 09:16:00,FX,0
T02078,W0078,W0081,345951.2,2025-05-31 14:01:00,USD,0
T03527,W0054,W0052,480334.64,2025-05-31 10:09:00,USD,0
T07038,W0043,W0086,504932.67,2025-05-31 13:06:00,BOND,0
T09144,W0083,W0068,986520.64,2025-05-31 07:50:29,USD,1
T00830,W0078,W0088,560397.54,2025-05-31 17:59:00,BOND,0
T02762,W0052,W0061,490651.33,2025-05-31 16:16:00,FX,0
T07726,W0025,W0010,924227.1,2025-05-31 06:50:29,BOND,1
T04038,W0100,W0097,603489.94,2025-05-31 14:05:00,USD,0
T08762,W0025,W0033,1186699.88,2025-05-31 06:50:29,FX,1
T07264,W0001,W0043,487007.33,2025-05-31 15:11:00,BOND,0
T07369,W0030,W0048,568962.51,2025-05-31 14:06:00,FX,0
T00315,W0074,W0049,513307.75,2025-05-31 12:19:00,USD,0
T07482,W0025,W0060,471157.14,2025-05-31 17:47:00,FX,0
T05870,W0021,W0003,366582.11,2025-05-31 14:37:00,FX,0
T04328,W0089,W0054,441935.41,2025-05-31 13:25:00,USD,0
T08653,W0016,W0036,1192149.95,2025-05-31 06:50:29,USD,1
T00728,W0093,W0034,514858.46,2025-05-31 09:51:00,BOND,0
T04982,W0053,W0008,470374.3,2025-05-31 15:56:00,BOND,0
T02425,W0022,W0018,512852.43,2025-05-31 10:43:00,USD,0
T02601,W0040,W0067,566673.05,2025-05-31 12:59:00,BOND,0
T00791,W0053,W0086,399301.83,2025-05-31 12:41:00,BOND,0
T06021,W0076,W0018,487925.54,2025-05-31 09:38:00,USD,0
T05405,W0035,W0037,254069.14,2025-05-31 13:08:00,USD,0
T06546,W0075,W0074,519853.97,2025-05-31 18:54:00,USD,0
T06894,W0074,W0070,526361.29,2025-05-31 12:33:00,BOND,0
T01000,W0037,W0056,354058.97,2025-05-31 11:03:00,BOND,0
T05875,W0058,W0002,590173.92,2025-05-31 09:02:00,USD,0
T01922,W0015,W0010,489507.44,2025-05-31 09:18:00,USD,0
T03971,W0009,W0061,494203.19,2025-05-31 15:16:00,BOND,0
T04639,W0028,W0059,408809.5,2025-05-31 14:18:00,USD,0
T07673,W0018,W0065,988916.24,2025-05-31 08:50:29,USD,1
T05112,W0053,W0064,393348.76,2025-05-31 15:08:00,FX,0
T02655,W0035,W0074,375195.45,2025-05-31 17:15:00,FX,0
T06869,W0086,W0070,512554.45,2025-05-31 09:26:00,FX,0
T07346,W0077,W0068,486664.45,2025-05-31 16:17:00,BOND,0
T04868,W0019,W0068,552431.12,2025-05-31 17:11:00,USD,0
T09912,W0056,W0070,949803.77,2025-05-31 06:50:29,USD,1
T01325,W0076,W0020,467274.54,2025-05-31 17:31:00,USD,0
T00028,W0060,W0047,539511.5,2025-05-31 16:47:00,USD,0
T05029,W0062,W0068,444368.99,2025-05-31 15:58:00,FX,0
T02473,W0010,W0088,465788.42,2025-05-31 12:41:00,USD,0
T02773,W0007,W0039,546917.86,2025-05-31 17:54:00,USD,0
T02089,W0031,W0019,648328.05,2025-05-31 11:42:00,FX,0
T00738,W0067,W0016,497228.67,2025-05-31 12:39:00,USD,0
T06222,W0072,W0026,303398.5,2025-05-31 14:11:00,BOND,0
T03889,W0027,W0060,356933.75,2025-05-31 11:30:00,USD,0
T08421,W0096,W0002,983962.58,2025-05-31 06:50:29,FX,1
T02434,W0099,W0024,428084.72,2025-05-31 11:18:00,BOND,0
T08731,W0045,W0093,966265.14,2025-05-31 06:50:29,FX,1
T05797,W0063,W0033,545238.31,2025-05-31 10:14:00,USD,0
T06715,W0016,W0054,569589.2,2025-05-31 16:30:00,USD,0
T04441,W0036,W0029,545995.65,2025-05-31 18:15:00,FX,0
T09881,W0075,W0032,1152359.35,2025-05-31 08:50:29,FX,1
T05773,W0074,W0063,405112.52,2025-05-31 12:03:00,USD,0
T08679,W0044,W0082,1010469.98,2025-05-31 07:50:29,FX,1
T00736,W0013,W0043,622256.7,2025-05-31 10:38:00,USD,0
T08365,W0091,W0007,1087874.5,2025-05-31 08:50:29,BOND,1
T01474,W0013,W0006,347360.71,2025-05-31 18:17:00,BOND,0
T04355,W0032,W0049,622839.36,2025-05-31 18:16:00,USD,0
T08923,W0087,W0028,926437.74,2025-05-31 08:50:29,BOND,1
T02694,W0061,W0094,472689.36,2025-05-31 09:53:00,USD,0
T09057,W0047,W0006,1152123.95,2025-05-31 06:50:29,BOND,1
T09688,W0062,W0028,1052138.51,2025-05-31 08:50:29,BOND,1
T02789,W0008,W0070,548022.37,2025-05-31 15:14:00,FX,0
T03832,W0076,W0039,483226.95,2025-05-31 18:06:00,USD,0
T06351,W0007,W0094,516336.59,2025-05-31 09:46:00,BOND,0
T03982,W0066,W0088,444023.79,2025-05-31 10:07:00,USD,0
T03603,W0060,W0011,491519.28,2025-05-31 11:21:00,USD,0
T05146,W0005,W0015,442522.58,2025-05-31 17:34:00,USD,0
T08033,W0003,W0061,1084222.0,2025-05-31 07:50:29,USD,1
T05140,W0063,W0006,358368.83,2025-05-31 13:39:00,BOND,0
T05592,W0100,W0001,643365.87,2025-05-31 13:21:00,BOND,0
T02184,W0044,W0031,407353.63,2025-05-31 11:40:00,USD,0
T04082,W0055,W0017,504003.92,2025-05-31 17:28:00,BOND,0
T00090,W0063,W0031,469403.79,2025-05-31 10:32:00,USD,0
T01140,W0026,W0035,394528.01,2025-05-31 14:19:00,FX,0
T05733,W0018,W0003,504712.71,2025-05-31 09:37:00,BOND,0
T00451,W0046,W0057,506699.54,2025-05-31 09:23:00,BOND,0
T03008,W0037,W0086,523877.09,2025-05-31 11:56:00,FX,0
T02951,W0078,W0086,400329.76,2025-05-31 18:14:00,BOND,0
T04177,W0061,W0016,523985.98,2025-05-31 14:31:00,BOND,0
T06239,W0005,W0006,498710.05,2025-05-31 13:51:00,BOND,0
T07940,W0011,W0029,983030.36,2025-05-31 08:50:29,USD,1
T00325,W0030,W0036,556525.61,2025-05-31 14:55:00,USD,0
T08350,W0014,W0021,925649.56,2025-05-31 08:50:29,USD,1
T07545,W0059,W0011,513608.29,2025-05-31 16:45:00,BOND,0
T09187,W0055,W0073,1148003.57,2025-05-31 07:50:29,FX,1
T00382,W0035,W0015,565183.77,2025-05-31 17:39:00,BOND,0
T05842,W0014,W0050,520750.3,2025-05-31 10:24:00,USD,0
T03851,W0022,W0086,382901.37,2025-05-31 16:04:00,USD,0
T04361,W0011,W0064,480218.8,2025-05-31 10:59:00,USD,0
T06131,W0044,W0089,556495.63,2025-05-31 18:08:00,USD,0
T08882,W0060,W0025,983894.1,2025-05-31 06:50:29,BOND,1
T00710,W0015,W0001,461075.46,2025-05-31 11:59:00,USD,0
T03215,W0036,W0035,562015.55,2025-05-31 09:59:00,USD,0
T05898,W0061,W0049,501415.92,2025-05-31 17:00:00,USD,0
T04174,W0010,W0036,548760.47,2025-05-31 11:07:00,FX,0
T03759,W0010,W0016,474309.62,2025-05-31 10:06:00,BOND,0
T09861,W0052,W0069,1181954.07,2025-05-31 07:50:29,USD,1
T08489,W0063,W0030,1010495.03,2025-05-31 07:50:29,BOND,1
T01193,W0066,W0016,439112.07,2025-05-31 12:53:00,USD,0
T00979,W0075,W0098,467661.52,2025-05-31 14:10:00,FX,0
T07522,W0008,W0046,598437.91,2025-05-31 15:51:00,FX,0
T01117,W0034,W0054,521626.24,2025-05-31 14:05:00,FX,0
T05828,W0067,W0083,493715.69,2025-05-31 10:07:00,FX,0
T09070,W0029,W0039,947415.1,2025-05-31 08:50:29,BOND,1
T09176,W0055,W0031,953551.7,2025-05-31 07:50:29,USD,1
T01128,W0094,W0089,518103.07,2025-05-31 09:44:00,BOND,0
T02315,W0008,W0019,489654.24,2025-05-31 09:08:00,BOND,0
T06909,W0010,W0045,477584.15,2025-05-31 13:02:00,FX,0
T04702,W0034,W0002,413721.44,2025-05-31 14:42:00,BOND,0
T07451,W0006,W0010,491664.38,2025-05-31 12:29:00,FX,0
T08680,W0067,W0015,1115794.36,2025-05-31 06:50:29,FX,1
T07093,W0027,W0075,322681.34,2025-05-31 12:08:00,USD,0
T09058,W0092,W0018,994349.82,2025-05-31 06:50:29,FX,1
T02664,W0016,W0064,668144.29,2025-05-31 16:57:00,USD,0
T03602,W0070,W0069,446444.11,2025-05-31 17:43:00,USD,0
T04581,W0017,W0049,538133.91,2025-05-31 10:36:00,USD,0
T03501,W0053,W0059,445581.7,2025-05-31 15:12:00,USD,0
T05149,W0080,W0068,570537.02,2025-05-31 16:55:00,BOND,0
T09985,W0070,W0094,1094063.51,2025-05-31 06:50:29,USD,1
T04040,W0054,W0093,374563.04,2025-05-31 14:28:00,USD,0
T02957,W0008,W0099,495195.63,2025-05-31 11:00:00,FX,0
T07045,W0070,W0003,439162.8,2025-05-31 14:00:00,USD,0
T06414,W0076,W0019,429137.64,2025-05-31 15:50:00,FX,0
T09685,W0013,W0055,1108371.21,2025-05-31 08:50:29,USD,1
T01387,W0060,W0076,616882.76,2025-05-31 16:52:00,USD,0
T08078,W0033,W0073,992598.9,2025-05-31 07:50:29,USD,1
T04754,W0078,W0089,358369.86,2025-05-31 16:17:00,FX,0
T08015,W0086,W0074,1038063.39,2025-05-31 06:50:29,USD,1
T02191,W0016,W0031,431791.6,2025-05-31 09:58:00,USD,0
T03170,W0034,W0092,529111.55,2025-05-31 18:32:00,FX,0
T03192,W0001,W0008,570907.87,2025-05-31 13:01:00,FX,0
T00942,W0033,W0063,560373.39,2025-05-31 12:11:00,BOND,0
T08157,W0085,W0006,1183697.03,2025-05-31 06:50:29,BOND,1
T03382,W0012,W0063,504175.51,2025-05-31 12:32:00,USD,0
T08589,W0036,W0068,1038907.46,2025-05-31 08:50:29,FX,1
T07932,W0040,W0085,1104560.64,2025-05-31 08:50:29,USD,1
T05289,W0018,W0094,478630.92,2025-05-31 16:29:00,BOND,0
T02637,W0045,W0055,532724.88,2025-05-31 12:20:00,USD,0
T05514,W0043,W0015,529763.0,2025-05-31 14:14:00,BOND,0
T07117,W0037,W0002,562290.96,2025-05-31 11:25:00,BOND,0
T07026,W0059,W0025,463748.82,2025-05-31 14:41:00,BOND,0
T08622,W0027,W0081,906490.7,2025-05-31 08:50:29,USD,1
T09481,W0028,W0060,1122175.19,2025-05-31 07:50:29,USD,1
T02730,W0065,W0009,395953.18,2025-05-31 15:33:00,USD,0
T08240,W0036,W0068,1048176.79,2025-05-31 08:50:29,USD,1
T06152,W0072,W0094,479644.1,2025-05-31 09:18:00,BOND,0
T04779,W0007,W0023,261522.12,2025-05-31 10:17:00,USD,0
T04582,W0044,W0032,389336.58,2025-05-31 11:30:00,BOND,0
T00629,W0093,W0025,536481.3,2025-05-31 11:14:00,USD,0
T05558,W0063,W0044,584836.54,2025-05-31 10:14:00,FX,0
T08210,W0048,W0046,996455.06,2025-05-31 07:50:29,USD,1
T04809,W0051,W0080,647695.44,2025-05-31 10:16:00,FX,0
T07650,W0075,W0076,1045444.9,2025-05-31 07:50:29,USD,1
T09287,W0095,W0055,953563.32,2025-05-31 07:50:29,BOND,1
T00578,W0039,W0039,435606.77,2025-05-31 17:29:00,BOND,0
T07670,W0049,W0026,960532.03,2025-05-31 07:50:29,USD,1
T05658,W0050,W0059,639684.71,2025-05-31 17:26:00,FX,0
T09261,W0005,W0091,1119580.72,2025-05-31 07:50:29,BOND,1
T07525,W0009,W0070,503030.75,2025-05-31 12:15:00,FX,0
T06159,W0001,W0035,475649.1,2025-05-31 11:48:00,BOND,0
T04481,W0023,W0015,573082.79,2025-05-31 12:41:00,FX,0
T07317,W0055,W0013,459633.61,2025-05-31 15:27:00,BOND,0
T00695,W0073,W0074,585339.8,2025-05-31 11:44:00,BOND,0
T08275,W0032,W0022,968540.09,2025-05-31 08:50:29,FX,1
T08249,W0093,W0085,997076.89,2025-05-31 08:50:29,BOND,1
T01144,W0070,W0076,512562.74,2025-05-31 13:33:00,BOND,0
T04628,W0002,W0095,536299.84,2025-05-31 12:26:00,FX,0
T01928,W0066,W0057,532844.8,2025-05-31 18:15:00,USD,0
T07756,W0063,W0015,998560.85,2025-05-31 07:50:29,FX,1
T09665,W0087,W0029,1097552.06,2025-05-31 08:50:29,BOND,1
T06050,W0071,W0029,570599.76,2025-05-31 12:04:00,BOND,0
T07747,W0039,W0020,972960.83,2025-05-31 06:50:29,FX,1
T03553,W0070,W0081,537852.51,2025-05-31 11:03:00,USD,0
T03921,W0050,W0053,545132.07,2025-05-31 16:44:00,FX,0
T05856,W0094,W0013,549775.23,2025-05-31 16:05:00,USD,0
T01900,W0032,W0007,481966.92,2025-05-31 14:15:00,FX,0
T04597,W0032,W0079,498242.08,2025-05-31 09:04:00,FX,0
T02921,W0075,W0027,537965.7,2025-05-31 10:57:00,USD,0
T04960,W0007,W0057,474234.28,2025-05-31 19:00:00,BOND,0
T03486,W0059,W0020,606281.24,2025-05-31 10:32:00,BOND,0
T09897,W0043,W0080,989277.38,2025-05-31 07:50:29,USD,1
T01024,W0085,W0091,533114.9,2025-05-31 12:42:00,USD,0
T05762,W0050,W0051,473960.28,2025-05-31 14:22:00,BOND,0
T09202,W0006,W0028,920077.9,2025-05-31 06:50:29,FX,1
T05794,W0017,W0004,303189.94,2025-05-31 17:40:00,BOND,0
T08528,W0031,W0080,1043361.43,2025-05-31 07:50:29,BOND,1
T08374,W0008,W0072,1149339.44,2025-05-31 06:50:29,FX,1
T00274,W0006,W0030,376964.58,2025-05-31 12:46:00,USD,0
T07247,W0028,W0093,594090.06,2025-05-31 15:44:00,USD,0
T02157,W0080,W0019,567292.78,2025-05-31 13:24:00,FX,0
T09198,W0020,W0096,905871.08,2025-05-31 06:50:29,BOND,1
T07828,W0054,W0064,1137824.82,2025-05-31 08:50:29,BOND,1
T08198,W0069,W0015,976112.26,2025-05-31 07:50:29,USD,1
T07495,W0090,W0071,462062.87,2025-05-31 15:17:00,BOND,0
T06794,W0020,W0014,529927.95,2025-05-31 14:23:00,FX,0
T02029,W0054,W0081,641973.03,2025-05-31 10:49:00,USD,0
T03042,W0052,W0084,388791.27,2025-05-31 16:42:00,BOND,0
T06286,W0013,W0012,400361.73,2025-05-31 10:30:00,FX,0
T02631,W0079,W0015,370049.81,2025-05-31 09:04:00,FX,0
T07398,W0030,W0097,519789.94,2025-05-31 17:33:00,USD,0
T09386,W0088,W0085,1088121.26,2025-05-31 08:50:29,BOND,1
T00493,W0029,W0018,394399.3,2025-05-31 12:05:00,BOND,0
T09783,W0041,W0039,919274.81,2025-05-31 06:50:29,BOND,1
T06738,W0001,W0082,348848.9,2025-05-31 10:11:00,USD,0
T00462,W0023,W0042,547955.65,2025-05-31 10:45:00,FX,0
T07231,W0009,W0002,541655.74,2025-05-31 11:10:00,BOND,0
T06553,W0040,W0010,629772.48,2025-05-31 13:38:00,BOND,0
T07845,W0080,W0049,1029479.25,2025-05-31 08:50:29,BOND,1
T02954,W0091,W0046,562914.08,2025-05-31 12:40:00,FX,0
T07442,W0068,W0013,479697.13,2025-05-31 13:04:00,USD,0
T05746,W0049,W0097,626245.7,2025-05-31 12:44:00,FX,0
T05151,W0059,W0026,445463.25,2025-05-31 14:30:00,USD,0
T00285,W0082,W0028,347691.14,2025-05-31 12:37:00,FX,0
T01201,W0061,W0069,554640.38,2025-05-31 10:09:00,USD,0
T08147,W0090,W0076,994113.47,2025-05-31 08:50:29,USD,1
T04679,W0052,W0014,446087.24,2025-05-31 17:34:00,FX,0
T07211,W0029,W0019,529895.92,2025-05-31 18:46:00,FX,0
T09255,W0063,W0043,1104530.69,2025-05-31 08:50:29,FX,1
T01097,W0086,W0069,533961.87,2025-05-31 13:00:00,FX,0
T06341,W0090,W0056,387516.5,2025-05-31 12:13:00,BOND,0
T03396,W0022,W0026,480142.09,2025-05-31 13:27:00,BOND,0
T07159,W0008,W0062,480259.06,2025-05-31 14:07:00,FX,0
T03873,W0010,W0070,451857.16,2025-05-31 13:45:00,FX,0
T05245,W0083,W0018,704578.94,2025-05-31 15:05:00,USD,0
T03983,W0019,W0010,508176.84,2025-05-31 14:58:00,FX,0
T09846,W0037,W0090,1123014.93,2025-05-31 06:50:29,USD,1
T06245,W0068,W0034,482971.91,2025-05-31 11:58:00,FX,0
T02758,W0052,W0052,492200.38,2025-05-31 16:12:00,FX,0
T08605,W0094,W0013,956463.39,2025-05-31 06:50:29,USD,1
T07712,W0097,W0060,1020712.61,2025-05-31 06:50:29,USD,1
T04123,W0014,W0013,517116.81,2025-05-31 12:22:00,USD,0
T02727,W0039,W0055,514606.29,2025-05-31 10:23:00,FX,0
T03679,W0060,W0022,471361.0,2025-05-31 13:56:00,FX,0
T01756,W0096,W0017,489012.49,2025-05-31 10:27:00,FX,0
T02366,W0057,W0063,540079.61,2025-05-31 15:09:00,USD,0
T06213,W0094,W0017,504026.35,2025-05-31 13:34:00,FX,0
T05723,W0016,W0080,484139.94,2025-05-31 15:22:00,BOND,0
T03660,W0056,W0007,476598.46,2025-05-31 18:20:00,BOND,0
T07500,W0061,W0002,501547.98,2025-05-31 18:36:00,USD,0
T05456,W0002,W0028,453197.61,2025-05-31 14:02:00,FX,0
T08734,W0078,W0096,1162299.56,2025-05-31 07:50:29,USD,1
T01799,W0058,W0069,556341.07,2025-05-31 12:08:00,USD,0
T01028,W0075,W0022,534109.32,2025-05-31 10:07:00,BOND,0
T05284,W0049,W0093,573154.6,2025-05-31 17:56:00,USD,0
T01163,W0086,W0037,491454.26,2025-05-31 12:45:00,FX,0
T01749,W0041,W0002,568981.78,2025-05-31 17:24:00,BOND,0
T00235,W0078,W0078,488565.08,2025-05-31 10:52:00,BOND,0
T05178,W0078,W0025,390190.54,2025-05-31 11:07:00,USD,0
T03564,W0011,W0079,604985.66,2025-05-31 15:33:00,USD,0
T03707,W0066,W0039,643339.18,2025-05-31 13:50:00,FX,0
T02004,W0094,W0055,501299.03,2025-05-31 11:59:00,USD,0
T09632,W0032,W0084,1171139.26,2025-05-31 06:50:29,BOND,1
T06448,W0057,W0044,442826.89,2025-05-31 12:57:00,BOND,0
T05100,W0016,W0032,475782.08,2025-05-31 18:18:00,FX,0
T06099,W0047,W0008,472276.93,2025-05-31 17:18:00,USD,0
T07624,W0093,W0093,429777.95,2025-05-31 12:02:00,USD,0
T07032,W0072,W0030,447864.19,2025-05-31 18:23:00,USD,0
T05505,W0036,W0012,483041.44,2025-05-31 13:44:00,USD,0
T08606,W0030,W0020,975913.66,2025-05-31 06:50:29,BOND,1
T08311,W0050,W0088,1083422.15,2025-05-31 07:50:29,FX,1
T08209,W0026,W0094,902376.91,2025-05-31 08:50:29,FX,1
T09613,W0065,W0090,1080836.4,2025-05-31 06:50:29,USD,1
T02722,W0002,W0069,444995.92,2025-05-31 15:46:00,FX,0
T03461,W0041,W0089,384661.61,2025-05-31 15:17:00,USD,0
T08011,W0078,W0002,1023162.02,2025-05-31 08:50:29,FX,1
T06406,W0028,W0092,479996.88,2025-05-31 17:25:00,BOND,0
T06782,W0079,W0050,634139.11,2025-05-31 17:04:00,USD,0
T00476,W0001,W0024,528880.49,2025-05-31 09:42:00,FX,0
T09967,W0033,W0092,995952.93,2025-05-31 07:50:29,FX,1
T07290,W0085,W0083,574624.54,2025-05-31 14:14:00,USD,0
T04611,W0061,W0093,492551.47,2025-05-31 18:04:00,USD,0
T01586,W0092,W0048,437593.47,2025-05-31 13:33:00,USD,0
T06582,W0064,W0075,557568.93,2025-05-31 12:36:00,USD,0
T00032,W0049,W0070,307207.34,2025-05-31 16:33:00,BOND,0
T01399,W0060,W0079,392910.17,2025-05-31 14:36:00,USD,0
T00444,W0027,W0019,402682.24,2025-05-31 09:28:00,BOND,0
T07378,W0098,W0082,406959.95,2025-05-31 13:45:00,USD,0
T04433,W0037,W0016,423714.35,2025-05-31 10:22:00,BOND,0
T00688,W0004,W0054,513314.23,2025-05-31 15:47:00,FX,0
T08220,W0067,W0013,1063115.25,2025-05-31 08:50:29,BOND,1
T08028,W0060,W0081,988792.18,2025-05-31 06:50:29,FX,1
T03737,W0089,W0005,456279.12,2025-05-31 11:11:00,BOND,0
T00295,W0023,W0017,518818.82,2025-05-31 11:27:00,BOND,0
T01600,W0069,W0038,565053.71,2025-05-31 10:35:00,BOND,0
T03908,W0013,W0036,393854.51,2025-05-31 10:32:00,USD,0
T07596,W0083,W0055,590866.3,2025-05-31 11:41:00,FX,0
T04577,W0009,W0052,388017.81,2025-05-31 14:12:00,USD,0
T00342,W0035,W0078,520159.18,2025-05-31 09:34:00,FX,0
T06918,W0043,W0086,482326.35,2025-05-31 16:18:00,FX,0
T00474,W0013,W0079,472241.32,2025-05-31 17:28:00,BOND,0
T09746,W0065,W0097,1186561.26,2025-05-31 08:50:29,BOND,1
T01757,W0035,W0080,531115.83,2025-05-31 15:11:00,FX,0
T05770,W0002,W0032,510164.27,2025-05-31 15:25:00,USD,0
T06220,W0084,W0066,395911.34,2025-05-31 11:35:00,FX,0
T09719,W0051,W0036,1163425.81,2025-05-31 08:50:29,USD,1
T05914,W0049,W0090,538532.63,2025-05-31 10:41:00,FX,0
T09657,W0007,W0069,955413.92,2025-05-31 07:50:29,FX,1
T08474,W0089,W0067,935956.08,2025-05-31 08:50:29,FX,1
T00200,W0064,W0022,378810.41,2025-05-31 11:19:00,BOND,0
T07815,W0058,W0028,1151775.81,2025-05-31 06:50:29,FX,1
T02604,W0060,W0082,477771.83,2025-05-31 09:12:00,BOND,0
T01440,W0059,W0064,522592.44,2025-05-31 18:09:00,BOND,0
T05364,W0073,W0100,349294.87,2025-05-31 14:03:00,BOND,0
T00790,W0017,W0004,631835.77,2025-05-31 11:10:00,BOND,0
T02322,W0044,W0025,429237.05,2025-05-31 10:33:00,USD,0
T03373,W0074,W0032,389515.41,2025-05-31 11:37:00,FX,0
T05871,W0071,W0049,331287.67,2025-05-31 17:27:00,USD,0
T03576,W0044,W0064,564361.37,2025-05-31 10:43:00,BOND,0
T08248,W0035,W0025,938602.07,2025-05-31 07:50:29,BOND,1
T02069,W0096,W0014,499133.89,2025-05-31 10:32:00,USD,0
T06850,W0024,W0022,573306.93,2025-05-31 10:08:00,USD,0
T05782,W0055,W0077,524301.78,2025-05-31 15:49:00,FX,0
T09855,W0079,W0057,1129799.9,2025-05-31 06:50:29,FX,1
T06150,W0070,W0021,552924.9,2025-05-31 13:24:00,USD,0
T03151,W0048,W0054,563042.99,2025-05-31 14:25:00,USD,0
T09445,W0045,W0084,955327.57,2025-05-31 08:50:29,FX,1
T01817,W0027,W0100,486199.21,2025-05-31 13:25:00,FX,0
T04788,W0019,W0046,402344.38,2025-05-31 16:06:00,FX,0
T05937,W0097,W0050,562499.37,2025-05-31 16:25:00,BOND,0
T07244,W0069,W0075,452447.45,2025-05-31 14:50:00,FX,0
T04191,W0063,W0012,417326.66,2025-05-31 11:04:00,USD,0
T06049,W0081,W0015,468443.85,2025-05-31 09:41:00,USD,0
T06456,W0007,W0028,639025.33,2025-05-31 12:35:00,BOND,0
T08860,W0089,W0056,908242.34,2025-05-31 06:50:29,USD,1
T03757,W0059,W0024,475747.12,2025-05-31 13:44:00,BOND,0
T06229,W0012,W0057,539448.04,2025-05-31 17:10:00,USD,0
T03776,W0023,W0081,451911.51,2025-05-31 17:12:00,USD,0
T08926,W0028,W0043,999463.32,2025-05-31 08:50:29,FX,1
T01219,W0027,W0063,567900.27,2025-05-31 17:28:00,FX,0
T08527,W0068,W0001,1129356.94,2025-05-31 07:50:29,FX,1
T06815,W0066,W0086,578053.16,2025-05-31 16:09:00,USD,0
T07155,W0033,W0023,477950.36,2025-05-31 14:39:00,USD,0
T06333,W0049,W0069,498120.81,2025-05-31 15:53:00,BOND,0
T05218,W0020,W0048,498882.18,2025-05-31 14:03:00,FX,0
T00632,W0024,W0083,546700.78,2025-05-31 18:11:00,BOND,0
T06476,W0006,W0031,481552.72,2025-05-31 18:16:00,USD,0
T07588,W0061,W0048,369315.4,2025-05-31 11:52:00,BOND,0
T04221,W0019,W0001,426438.79,2025-05-31 09:50:00,USD,0
T00192,W0012,W0037,441192.17,2025-05-31 16:53:00,USD,0
T03772,W0039,W0045,473433.79,2025-05-31 12:04:00,FX,0
T00673,W0077,W0020,509262.66,2025-05-31 15:11:00,USD,0
T07132,W0100,W0037,431574.31,2025-05-31 15:05:00,USD,0
T05010,W0025,W0031,536563.94,2025-05-31 17:02:00,USD,0
T04309,W0058,W0083,544028.59,2025-05-31 13:25:00,USD,0
T03391,W0063,W0077,480100.17,2025-05-31 11:19:00,BOND,0
T05253,W0058,W0025,420649.36,2025-05-31 16:13:00,FX,0
T00531,W0053,W0030,512925.37,2025-05-31 10:59:00,USD,0
T07702,W0002,W0036,1036595.24,2025-05-31 06:50:29,USD,1
T04943,W0056,W0027,284286.13,2025-05-31 14:50:00,BOND,0
T04560,W0066,W0091,544316.6,2025-05-31 18:19:00,USD,0
T06509,W0086,W0037,594862.3,2025-05-31 11:30:00,USD,0
T07765,W0031,W0022,1173800.45,2025-05-31 08:50:29,BOND,1
T02783,W0001,W0056,463842.76,2025-05-31 14:05:00,BOND,0
T02685,W0004,W0066,456490.81,2025-05-31 18:23:00,BOND,0
T06663,W0075,W0032,651050.22,2025-05-31 18:39:00,USD,0
T02471,W0066,W0043,376679.08,2025-05-31 15:48:00,FX,0
T09290,W0080,W0085,1046344.51,2025-05-31 08:50:29,BOND,1
T08509,W0021,W0031,1105637.32,2025-05-31 06:50:29,USD,1
T00697,W0013,W0031,505379.6,2025-05-31 12:03:00,FX,0
T04685,W0065,W0008,558021.83,2025-05-31 10:18:00,FX,0
T09904,W0079,W0093,971074.7,2025-05-31 07:50:29,FX,1
T07037,W0083,W0094,529005.07,2025-05-31 12:41:00,FX,0
T04080,W0068,W0054,633411.57,2025-05-31 11:04:00,FX,0
T06650,W0008,W0096,387646.4,2025-05-31 11:56:00,FX,0
T04800,W0040,W0073,564729.68,2025-05-31 12:09:00,USD,0
T03332,W0049,W0098,430754.0,2025-05-31 13:30:00,FX,0
T06630,W0072,W0048,517573.59,2025-05-31 12:37:00,FX,0
T04248,W0014,W0069,477356.41,2025-05-31 14:48:00,BOND,0
T09908,W0025,W0034,1060018.16,2025-05-31 08:50:29,USD,1
T01944,W0025,W0026,476208.45,2025-05-31 16:10:00,BOND,0
T02779,W0032,W0039,369889.25,2025-05-31 13:38:00,FX,0
T00693,W0076,W0047,434363.47,2025-05-31 16:25:00,BOND,0
T02120,W0022,W0033,430133.9,2025-05-31 15:19:00,FX,0
T06590,W0011,W0089,451260.44,2025-05-31 13:24:00,FX,0
T06155,W0061,W0020,405587.2,2025-05-31 17:49:00,FX,0
T02499,W0078,W0030,430249.36,2025-05-31 14:10:00,FX,0
T08950,W0098,W0039,923154.22,2025-05-31 06:50:29,USD,1
T01389,W0056,W0060,470765.75,2025-05-31 11:57:00,BOND,0
T08372,W0047,W0074,999746.62,2025-05-31 07:50:29,BOND,1
T01391,W0076,W0007,428570.28,2025-05-31 15:30:00,FX,0
T08901,W0006,W0044,949658.88,2025-05-31 06:50:29,BOND,1
T06415,W0032,W0088,519175.8,2025-05-31 11:55:00,FX,0
T00773,W0095,W0090,555697.98,2025-05-31 16:09:00,BOND,0
T02218,W0062,W0046,591239.5,2025-05-31 10:59:00,FX,0
T09002,W0050,W0013,941921.0,2025-05-31 06:50:29,FX,1
T07816,W0082,W0045,969452.86,2025-05-31 08:50:29,FX,1
T08191,W0012,W0025,1135975.78,2025-05-31 07:50:29,BOND,1
T08087,W0067,W0040,969949.86,2025-05-31 08:50:29,FX,1
T06394,W0061,W0011,488614.86,2025-05-31 18:16:00,USD,0
T07772,W0017,W0050,1097720.69,2025-05-31 07:50:29,FX,1
T09247,W0061,W0099,1102970.77,2025-05-31 07:50:29,USD,1
T02093,W0086,W0009,430379.55,2025-05-31 17:14:00,FX,0
T09879,W0004,W0041,942551.84,2025-05-31 06:50:29,USD,1
T01863,W0020,W0094,558302.43,2025-05-31 12:15:00,BOND,0
T01664,W0087,W0079,478075.87,2025-05-31 16:29:00,FX,0
T05079,W0069,W0023,771349.18,2025-05-31 17:13:00,BOND,0
T08274,W0083,W0069,1180108.66,2025-05-31 07:50:29,FX,1
T05069,W0020,W0075,349037.82,2025-05-31 18:19:00,BOND,0
T05396,W0087,W0066,630014.19,2025-05-31 14:58:00,FX,0
T03041,W0087,W0021,494163.01,2025-05-31 17:32:00,BOND,0
T04152,W0034,W0099,539831.27,2025-05-31 15:11:00,FX,0
T00723,W0070,W0047,540491.44,2025-05-31 18:55:00,USD,0
T07195,W0029,W0052,481156.6,2025-05-31 12:48:00,USD,0
T02893,W0034,W0005,510023.72,2025-05-31 14:13:00,BOND,0
T00394,W0094,W0003,421591.09,2025-05-31 18:17:00,USD,0
T01989,W0086,W0005,433662.37,2025-05-31 13:38:00,USD,0
T08434,W0086,W0010,956466.15,2025-05-31 07:50:29,BOND,1
T08730,W0020,W0077,1081505.25,2025-05-31 06:50:29,BOND,1
T01772,W0056,W0068,507560.54,2025-05-31 12:54:00,USD,0
T05939,W0097,W0016,614129.86,2025-05-31 09:12:00,BOND,0
T08951,W0005,W0027,1067561.16,2025-05-31 06:50:29,FX,1
T08221,W0026,W0088,1090261.91,2025-05-31 06:50:29,FX,1
T09618,W0024,W0060,1182798.62,2025-05-31 08:50:29,BOND,1
T06292,W0085,W0070,491833.97,2025-05-31 15:35:00,FX,0
T01401,W0092,W0004,580628.0,2025-05-31 13:08:00,USD,0
T04883,W0004,W0065,537396.14,2025-05-31 10:53:00,FX,0
T01752,W0023,W0010,587516.18,2025-05-31 10:48:00,FX,0
T09257,W0046,W0050,919476.91,2025-05-31 07:50:29,BOND,1
T09833,W0062,W0034,948757.02,2025-05-31 06:50:29,FX,1
T02442,W0040,W0068,461229.78,2025-05-31 18:16:00,BOND,0
T02038,W0034,W0027,534788.45,2025-05-31 10:51:00,USD,0
T01385,W0035,W0093,520909.87,2025-05-31 11:20:00,USD,0
T07413,W0088,W0048,477678.98,2025-05-31 11:09:00,FX,0
T05068,W0064,W0013,434091.02,2025-05-31 16:19:00,BOND,0
T04090,W0059,W0094,582751.92,2025-05-31 09:02:00,USD,0
T04161,W0014,W0081,454135.25,2025-05-31 18:37:00,USD,0
T07717,W0032,W0072,1126331.75,2025-05-31 08:50:29,BOND,1
T02250,W0041,W0091,392728.95,2025-05-31 18:37:00,FX,0
T01412,W0084,W0004,570522.39,2025-05-31 15:12:00,FX,0
T05240,W0003,W0055,496510.16,2025-05-31 15:29:00,BOND,0
T01502,W0028,W0024,519601.07,2025-05-31 14:54:00,BOND,0
T05287,W0011,W0090,389934.1,2025-05-31 16:22:00,FX,0
T00383,W0034,W0067,473359.83,2025-05-31 12:13:00,FX,0
T02704,W0029,W0023,412785.18,2025-05-31 18:39:00,FX,0
T00852,W0044,W0094,564729.03,2025-05-31 14:32:00,FX,0
T01336,W0064,W0010,453043.6,2025-05-31 19:00:00,USD,0
T00201,W0079,W0047,471847.0,2025-05-31 10:51:00,BOND,0
T04782,W0047,W0074,656744.91,2025-05-31 17:43:00,FX,0
T09123,W0032,W0064,935443.79,2025-05-31 08:50:29,USD,1
T00310,W0075,W0010,745061.99,2025-05-31 18:59:00,FX,0
T01185,W0059,W0036,386605.45,2025-05-31 18:06:00,FX,0
T00786,W0033,W0014,419149.12,2025-05-31 09:12:00,FX,0
T08840,W0021,W0005,1159503.49,2025-05-31 06:50:29,USD,1
T08265,W0019,W0081,1017986.44,2025-05-31 08:50:29,FX,1
T06838,W0040,W0062,447946.2,2025-05-31 10:40:00,FX,0
T06047,W0099,W0025,458139.71,2025-05-31 17:02:00,USD,0
T00886,W0029,W0055,554986.56,2025-05-31 16:25:00,FX,0
T07632,W0091,W0098,432399.44,2025-05-31 16:29:00,FX,0
T06636,W0045,W0008,482229.27,2025-05-31 16:09:00,FX,0
T00503,W0021,W0054,381840.6,2025-05-31 11:59:00,FX,0
T00335,W0083,W0062,415895.3,2025-05-31 11:19:00,USD,0
T05473,W0092,W0087,484041.84,2025-05-31 16:19:00,BOND,0
T00464,W0033,W0055,460207.51,2025-05-31 10:17:00,USD,0
T02557,W0012,W0066,460121.65,2025-05-31 11:39:00,USD,0
T06868,W0017,W0059,617342.39,2025-05-31 12:13:00,USD,0
T01889,W0023,W0008,555449.76,2025-05-31 16:59:00,BOND,0
T07390,W0078,W0085,509009.54,2025-05-31 18:08:00,FX,0
T02686,W0029,W0079,488087.96,2025-05-31 14:44:00,USD,0
T00497,W0069,W0079,499613.41,2025-05-31 09:58:00,BOND,0
T04787,W0023,W0045,362662.19,2025-05-31 16:46:00,FX,0
T05519,W0018,W0051,398963.1,2025-05-31 10:44:00,BOND,0
T01774,W0045,W0033,563614.52,2025-05-31 10:29:00,BOND,0
T04200,W0078,W0030,582187.0,2025-05-31 18:14:00,FX,0
T07887,W0011,W0027,1137255.5,2025-05-31 07:50:29,FX,1
T02040,W0050,W0022,480934.0,2025-05-31 18:23:00,FX,0
T03188,W0085,W0061,474680.25,2025-05-31 11:20:00,BOND,0
T09955,W0009,W0020,1164378.44,2025-05-31 08:50:29,FX,1
T08739,W0076,W0039,1009969.28,2025-05-31 07:50:29,USD,1
T01007,W0056,W0087,481006.88,2025-05-31 14:52:00,USD,0
T00662,W0096,W0033,471724.84,2025-05-31 09:16:00,BOND,0
T07665,W0057,W0063,1042558.82,2025-05-31 08:50:29,FX,1
T05749,W0039,W0008,368155.7,2025-05-31 18:06:00,USD,0
T02538,W0058,W0030,563288.75,2025-05-31 15:12:00,USD,0
T02529,W0061,W0087,535029.81,2025-05-31 12:37:00,FX,0
T09732,W0089,W0022,1060211.09,2025-05-31 07:50:29,BOND,1
T09741,W0068,W0008,1014735.43,2025-05-31 07:50:29,BOND,1
T05189,W0049,W0005,425876.35,2025-05-31 13:39:00,BOND,0
T08360,W0007,W0013,929453.44,2025-05-31 07:50:29,BOND,1
T04187,W0035,W0029,646622.79,2025-05-31 15:55:00,BOND,0
T08522,W0078,W0012,1058871.83,2025-05-31 07:50:29,USD,1
T07937,W0076,W0057,995787.86,2025-05-31 08:50:29,FX,1
T02041,W0015,W0021,475044.48,2025-05-31 17:07:00,FX,0
T05379,W0015,W0046,439484.84,2025-05-31 09:33:00,USD,0
T07917,W0018,W0098,1137944.4,2025-05-31 08:50:29,USD,1
T01407,W0055,W0008,549351.11,2025-05-31 18:58:00,FX,0
T05643,W0085,W0011,466940.6,2025-05-31 16:12:00,BOND,0
T06012,W0016,W0017,501769.86,2025-05-31 13:46:00,USD,0
T03023,W0039,W0074,342807.71,2025-05-31 16:56:00,USD,0
T05230,W0017,W0072,451388.55,2025-05-31 13:59:00,FX,0
T06352,W0037,W0029,500643.06,2025-05-31 11:18:00,FX,0
T08854,W0033,W0006,1144988.62,2025-05-31 06:50:29,USD,1
T08597,W0087,W0043,1184208.69,2025-05-31 07:50:29,USD,1
T04358,W0024,W0062,297118.76,2025-05-31 13:31:00,BOND,0
T08139,W0007,W0063,1147764.76,2025-05-31 06:50:29,USD,1
T06624,W0016,W0004,463657.0,2025-05-31 16:33:00,USD,0
T02823,W0055,W0086,444052.78,2025-05-31 17:33:00,BOND,0
T07459,W0038,W0027,484465.15,2025-05-31 13:30:00,BOND,0
T00072,W0069,W0045,583573.99,2025-05-31 13:23:00,BOND,0
T07993,W0067,W0041,1043491.23,2025-05-31 06:50:29,BOND,1
T09206,W0073,W0059,1010448.27,2025-05-31 07:50:29,USD,1
T05992,W0021,W0056,437073.97,2025-05-31 12:36:00,USD,0
T07504,W0065,W0093,427557.14,2025-05-31 17:05:00,USD,0
T00131,W0022,W0067,297104.33,2025-05-31 13:52:00,FX,0
T06115,W0005,W0022,438481.7,2025-05-31 13:02:00,BOND,0
T00765,W0082,W0090,557389.72,2025-05-31 10:04:00,BOND,0
T06522,W0022,W0018,468679.14,2025-05-31 11:01:00,USD,0
T03975,W0063,W0064,429848.3,2025-05-31 11:35:00,FX,0
T09572,W0038,W0002,929614.41,2025-05-31 07:50:29,BOND,1
T02712,W0084,W0084,502180.04,2025-05-31 12:50:00,USD,0
T00409,W0028,W0036,458407.49,2025-05-31 15:51:00,USD,0
T02452,W0001,W0052,518693.34,2025-05-31 11:15:00,BOND,0
T01022,W0024,W0038,630440.73,2025-05-31 14:47:00,BOND,0
T09646,W0023,W0050,1067405.4,2025-05-31 06:50:29,BOND,1
T04666,W0071,W0015,462144.58,2025-05-31 11:48:00,USD,0
T02142,W0012,W0002,580998.74,2025-05-31 14:59:00,USD,0
T02671,W0028,W0061,460961.43,2025-05-31 10:05:00,BOND,0
T08874,W0034,W0019,1039449.32,2025-05-31 07:50:29,FX,1
T01681,W0057,W0060,647882.2,2025-05-31 15:50:00,FX,0
T04886,W0073,W0047,489962.1,2025-05-31 14:44:00,FX,0
T00453,W0048,W0053,500148.58,2025-05-31 17:12:00,BOND,0
T05269,W0016,W0029,503835.27,2025-05-31 15:58:00,FX,0
T05502,W0069,W0084,473753.45,2025-05-31 11:34:00,BOND,0
T09031,W0035,W0081,1157347.91,2025-05-31 08:50:29,BOND,1
T07008,W0054,W0098,400968.52,2025-05-31 15:31:00,FX,0
T02811,W0009,W0062,464355.15,2025-05-31 15:59:00,BOND,0
T02226,W0046,W0034,568283.64,2025-05-31 16:50:00,BOND,0
T03631,W0087,W0022,498636.39,2025-05-31 10:32:00,USD,0
T04442,W0008,W0062,626709.02,2025-05-31 18:17:00,BOND,0
T05211,W0009,W0026,575544.83,2025-05-31 11:59:00,FX,0
T06298,W0019,W0002,497443.43,2025-05-31 17:45:00,BOND,0
T08862,W0030,W0060,1050928.47,2025-05-31 08:50:29,FX,1
T08369,W0090,W0076,976730.44,2025-05-31 08:50:29,FX,1
T00606,W0052,W0027,497082.4,2025-05-31 12:45:00,USD,0
T03104,W0012,W0094,561553.34,2025-05-31 10:56:00,BOND,0
T05824,W0061,W0037,471891.84,2025-05-31 18:40:00,BOND,0
T08691,W0090,W0082,1091150.92,2025-05-31 08:50:29,USD,1
T09785,W0004,W0036,1163417.16,2025-05-31 06:50:29,BOND,1
T07812,W0009,W0070,1191777.7,2025-05-31 08:50:29,BOND,1
T03480,W0008,W0016,526928.48,2025-05-31 13:09:00,BOND,0
T06164,W0038,W0075,545208.85,2025-05-31 14:18:00,BOND,0
T01227,W0038,W0054,730908.61,2025-05-31 13:36:00,USD,0
T05836,W0029,W0040,510762.5,2025-05-31 15:21:00,BOND,0
T09442,W0031,W0051,917083.2,2025-05-31 08:50:29,FX,1
T09994,W0031,W0042,1071548.56,2025-05-31 07:50:29,FX,1
T05582,W0088,W0100,545020.33,2025-05-31 14:06:00,BOND,0
T07410,W0081,W0030,450952.01,2025-05-31 16:42:00,FX,0
T05332,W0051,W0041,271260.46,2025-05-31 14:39:00,FX,0
T07419,W0038,W0066,304157.99,2025-05-31 16:16:00,FX,0
T03218,W0009,W0024,454812.57,2025-05-31 10:44:00,USD,0
T09634,W0053,W0024,978685.49,2025-05-31 08:50:29,USD,1
T07367,W0054,W0018,567234.52,2025-05-31 13:25:00,FX,0
T00218,W0013,W0006,507587.6,2025-05-31 16:41:00,USD,0
T05263,W0003,W0039,347686.72,2025-05-31 17:36:00,USD,0
T08513,W0065,W0003,1139735.18,2025-05-31 07:50:29,USD,1
T05019,W0086,W0025,501876.14,2025-05-31 15:56:00,BOND,0
T02381,W0065,W0018,629641.61,2025-05-31 10:31:00,BOND,0
T07530,W0061,W0044,459536.55,2025-05-31 10:36:00,FX,0
T03232,W0056,W0085,557904.67,2025-05-31 15:27:00,USD,0
T03829,W0064,W0081,440211.37,2025-05-31 17:20:00,FX,0
T01983,W0060,W0071,560351.05,2025-05-31 17:44:00,USD,0
T01590,W0038,W0027,518029.68,2025-05-31 09:24:00,USD,0
T03228,W0005,W0099,498065.38,2025-05-31 13:20:00,FX,0
T08629,W0027,W0020,1055774.83,2025-05-31 07:50:29,USD,1
T07322,W0096,W0017,553839.82,2025-05-31 17:57:00,BOND,0
T07401,W0055,W0046,405656.26,2025-05-31 17:30:00,FX,0
T03770,W0088,W0096,503542.14,2025-05-31 09:33:00,USD,0
T06978,W0061,W0044,503681.52,2025-05-31 09:06:00,BOND,0
T03271,W0005,W0049,404785.82,2025-05-31 13:47:00,FX,0
T04113,W0082,W0070,385052.52,2025-05-31 17:11:00,FX,0
T08337,W0016,W0008,1072617.36,2025-05-31 06:50:29,FX,1
T02446,W0081,W0098,542184.6,2025-05-31 12:49:00,USD,0
T06087,W0021,W0021,607729.43,2025-05-31 13:07:00,USD,0
T02092,W0025,W0010,473698.6,2025-05-31 16:31:00,USD,0
T01640,W0011,W0034,549609.64,2025-05-31 17:32:00,FX,0
T03456,W0090,W0053,438037.84,2025-05-31 10:13:00,FX,0
T04266,W0075,W0029,470264.84,2025-05-31 11:02:00,USD,0
T03843,W0074,W0011,445348.02,2025-05-31 15:39:00,BOND,0
T05674,W0036,W0030,565341.5,2025-05-31 16:08:00,FX,0
T08896,W0093,W0074,974704.66,2025-05-31 08:50:29,BOND,1
T02468,W0062,W0090,446349.03,2025-05-31 12:38:00,USD,0
T05236,W0028,W0088,501365.51,2025-05-31 18:13:00,FX,0
T07999,W0054,W0050,1076149.55,2025-05-31 07:50:29,USD,1
T00972,W0062,W0056,440068.75,2025-05-31 14:37:00,FX,0
T00908,W0027,W0070,502298.64,2025-05-31 17:01:00,BOND,0
T04810,W0062,W0021,396970.71,2025-05-31 09:11:00,USD,0
T07051,W0070,W0003,598766.66,2025-05-31 14:00:00,USD,0
T01895,W0071,W0089,526059.35,2025-05-31 10:40:00,BOND,0
T07432,W0027,W0037,405127.6,2025-05-31 15:55:00,FX,0
T01961,W0044,W0031,527694.16,2025-05-31 14:33:00,BOND,0
T04108,W0029,W0051,557009.31,2025-05-31 14:14:00,BOND,0
T06919,W0028,W0048,465672.15,2025-05-31 16:18:00,FX,0
T01374,W0100,W0045,496158.94,2025-05-31 11:45:00,FX,0
T09067,W0031,W0034,1065489.25,2025-05-31 07:50:29,USD,1
T07372,W0081,W0005,385152.47,2025-05-31 11:05:00,BOND,0
T04588,W0076,W0041,460783.83,2025-05-31 10:33:00,BOND,0
T09367,W0020,W0090,1145119.41,2025-05-31 06:50:29,BOND,1
T02792,W0081,W0067,558033.35,2025-05-31 14:04:00,USD,0
T02418,W0036,W0064,439812.2,2025-05-31 13:46:00,FX,0
T09073,W0045,W0042,1072119.95,2025-05-31 07:50:29,USD,1
T08055,W0084,W0062,979975.55,2025-05-31 07:50:29,FX,1
T05681,W0012,W0097,580328.19,2025-05-31 11:14:00,BOND,0
T02575,W0087,W0012,555177.52,2025-05-31 12:45:00,USD,0
T02550,W0095,W0011,500750.56,2025-05-31 15:33:00,BOND,0
T07281,W0083,W0015,417990.83,2025-05-31 10:51:00,USD,0
T02070,W0049,W0079,497789.85,2025-05-31 12:38:00,FX,0
T06498,W0097,W0020,466236.18,2025-05-31 09:24:00,FX,0
T06544,W0078,W0058,437844.98,2025-05-31 16:56:00,BOND,0
T01207,W0075,W0067,536484.0,2025-05-31 14:54:00,USD,0
T05462,W0034,W0002,379447.92,2025-05-31 17:17:00,USD,0
T02307,W0068,W0036,519954.15,2025-05-31 11:05:00,USD,0
T08873,W0037,W0065,1177163.34,2025-05-31 07:50:29,FX,1
T09400,W0076,W0004,1174052.34,2025-05-31 08:50:29,BOND,1
T07820,W0066,W0070,948529.2,2025-05-31 08:50:29,BOND,1
T03306,W0039,W0054,482139.18,2025-05-31 18:28:00,USD,0
T04396,W0095,W0048,410516.64,2025-05-31 18:32:00,USD,0
T02986,W0085,W0054,553673.9,2025-05-31 13:10:00,FX,0
T03128,W0009,W0034,524471.86,2025-05-31 17:25:00,BOND,0
T06503,W0002,W0076,510372.08,2025-05-31 14:12:00,BOND,0
T09308,W0034,W0032,1035496.68,2025-05-31 07:50:29,USD,1
T03566,W0070,W0025,538366.16,2025-05-31 17:28:00,FX,0
T00647,W0020,W0097,614908.73,2025-05-31 13:22:00,BOND,0
T09776,W0011,W0032,985731.19,2025-05-31 08:50:29,FX,1
T05669,W0066,W0059,351341.93,2025-05-31 11:17:00,FX,0
T07776,W0028,W0091,913116.18,2025-05-31 08:50:29,USD,1
T04305,W0090,W0034,513217.51,2025-05-31 12:24:00,USD,0
T01186,W0037,W0017,563993.23,2025-05-31 16:54:00,USD,0
T01981,W0077,W0061,417735.02,2025-05-31 10:22:00,BOND,0
T00354,W0027,W0081,469000.16,2025-05-31 13:21:00,USD,0
T00278,W0071,W0055,565766.15,2025-05-31 14:42:00,FX,0
T01095,W0049,W0091,540037.46,2025-05-31 16:45:00,USD,0
T00933,W0081,W0044,523752.14,2025-05-31 12:23:00,BOND,0
T03430,W0041,W0054,537290.83,2025-05-31 13:37:00,FX,0
T07894,W0045,W0093,1119241.96,2025-05-31 07:50:29,USD,1
T05050,W0037,W0014,692061.32,2025-05-31 11:03:00,USD,0
T04753,W0096,W0069,466247.92,2025-05-31 13:19:00,USD,0
T05009,W0032,W0094,437838.26,2025-05-31 09:52:00,FX,0
T09252,W0008,W0003,1113067.44,2025-05-31 08:50:29,BOND,1
T05886,W0024,W0099,497760.3,2025-05-31 12:48:00,BOND,0
T06823,W0083,W0003,534701.11,2025-05-31 10:36:00,BOND,0
T02884,W0008,W0086,501232.9,2025-05-31 09:43:00,FX,0
T06526,W0069,W0099,475731.45,2025-05-31 12:12:00,BOND,0
T00624,W0077,W0014,459090.02,2025-05-31 18:27:00,USD,0
T02152,W0078,W0081,553933.25,2025-05-31 18:16:00,BOND,0
T00212,W0086,W0075,464315.07,2025-05-31 09:18:00,BOND,0
T00827,W0048,W0042,485852.78,2025-05-31 12:42:00,USD,0
T01349,W0095,W0068,492927.55,2025-05-31 12:44:00,BOND,0
T07610,W0025,W0055,415238.62,2025-05-31 15:00:00,USD,0
T04956,W0035,W0074,434877.04,2025-05-31 11:34:00,FX,0
T02256,W0072,W0025,489522.54,2025-05-31 15:17:00,BOND,0
T00233,W0043,W0006,539671.74,2025-05-31 18:26:00,FX,0
T02829,W0021,W0080,464145.41,2025-05-31 15:02:00,FX,0
T08359,W0018,W0018,966190.73,2025-05-31 08:50:29,USD,1
T09830,W0009,W0075,945823.97,2025-05-31 07:50:29,USD,1
T07490,W0070,W0096,447067.16,2025-05-31 11:10:00,FX,0
T04783,W0002,W0072,522898.54,2025-05-31 10:19:00,USD,0
T07963,W0066,W0013,1060861.6,2025-05-31 06:50:29,FX,1
T09782,W0027,W0064,1072052.57,2025-05-31 08:50:29,USD,1
T08626,W0055,W0008,933322.04,2025-05-31 06:50:29,BOND,1
T04766,W0044,W0036,451123.7,2025-05-31 17:13:00,USD,0
T09942,W0008,W0013,1182291.59,2025-05-31 08:50:29,FX,1
T01655,W0081,W0042,639251.74,2025-05-31 14:38:00,BOND,0
T00360,W0007,W0029,563451.55,2025-05-31 10:48:00,BOND,0
T08975,W0055,W0059,1145903.68,2025-05-31 06:50:29,BOND,1
T08335,W0095,W0026,1052097.54,2025-05-31 07:50:29,FX,1
T09826,W0042,W0090,1058679.35,2025-05-31 07:50:29,USD,1
T09172,W0014,W0026,967578.08,2025-05-31 08:50:29,USD,1
T05070,W0095,W0020,545020.39,2025-05-31 15:34:00,FX,0
T03863,W0064,W0008,450486.44,2025-05-31 11:52:00,USD,0
T08102,W0044,W0083,1190329.09,2025-05-31 06:50:29,FX,1
T09503,W0031,W0086,1192590.03,2025-05-31 07:50:29,USD,1
T01015,W0028,W0061,548169.6,2025-05-31 16:29:00,BOND,0
T07135,W0013,W0016,440858.24,2025-05-31 11:43:00,BOND,0
T03157,W0058,W0057,375848.29,2025-05-31 09:33:00,USD,0
T00509,W0096,W0087,439657.94,2025-05-31 17:15:00,USD,0
T07167,W0048,W0018,528199.87,2025-05-31 11:49:00,BOND,0
T03078,W0024,W0065,535304.96,2025-05-31 13:10:00,USD,0
T03691,W0090,W0020,471028.18,2025-05-31 16:28:00,FX,0
T07254,W0017,W0035,509566.86,2025-05-31 13:58:00,FX,0
T06724,W0033,W0085,459060.83,2025-05-31 14:38:00,FX,0
T04250,W0058,W0048,522966.38,2025-05-31 11:01:00,USD,0
T07276,W0072,W0043,494340.88,2025-05-31 15:29:00,USD,0
T04084,W0031,W0046,530585.21,2025-05-31 17:42:00,USD,0
T03852,W0006,W0036,546928.6,2025-05-31 10:06:00,FX,0
T08571,W0010,W0059,1139028.92,2025-05-31 07:50:29,FX,1
T01868,W0081,W0057,344855.58,2025-05-31 13:57:00,USD,0
T09511,W0045,W0042,969302.87,2025-05-31 08:50:29,USD,1
T03778,W0027,W0028,526917.36,2025-05-31 18:15:00,FX,0
T09819,W0046,W0095,950251.0,2025-05-31 08:50:29,BOND,1
T02729,W0035,W0012,542714.21,2025-05-31 11:07:00,BOND,0
T05610,W0014,W0019,434488.05,2025-05-31 18:44:00,BOND,0
T02906,W0016,W0014,482829.78,2025-05-31 13:54:00,FX,0
T02720,W0040,W0060,366080.61,2025-05-31 12:01:00,USD,0
T08254,W0080,W0068,919309.7,2025-05-31 06:50:29,BOND,1
T03022,W0036,W0092,461278.08,2025-05-31 15:57:00,USD,0
T09661,W0025,W0040,1030030.86,2025-05-31 08:50:29,FX,1
T00391,W0091,W0016,436598.83,2025-05-31 14:37:00,USD,0
T02598,W0100,W0041,485830.26,2025-05-31 14:17:00,FX,0
T08775,W0061,W0100,1094250.53,2025-05-31 08:50:29,BOND,1
T06184,W0049,W0038,361715.74,2025-05-31 14:12:00,USD,0
T03120,W0091,W0024,650690.87,2025-05-31 18:10:00,USD,0
T06949,W0036,W0095,342781.88,2025-05-31 14:45:00,USD,0
T03363,W0040,W0042,462585.08,2025-05-31 18:31:00,FX,0
T08060,W0043,W0081,1011758.69,2025-05-31 07:50:29,BOND,1
T00261,W0043,W0005,430683.78,2025-05-31 13:12:00,FX,0
T05156,W0036,W0052,425063.06,2025-05-31 09:31:00,BOND,0
T09514,W0016,W0023,1037252.33,2025-05-31 07:50:29,USD,1
T07544,W0071,W0085,445688.95,2025-05-31 18:57:00,FX,0
T00176,W0010,W0083,582059.57,2025-05-31 12:43:00,BOND,0
T05791,W0058,W0020,453344.31,2025-05-31 15:52:00,BOND,0
T06427,W0029,W0016,444968.34,2025-05-31 15:22:00,FX,0
T06732,W0030,W0068,524376.44,2025-05-31 10:49:00,USD,0
T03045,W0032,W0079,566784.67,2025-05-31 12:21:00,FX,0
T08333,W0089,W0031,935654.18,2025-05-31 06:50:29,USD,1
T04482,W0038,W0011,547568.7,2025-05-31 17:31:00,BOND,0
T09899,W0032,W0017,1036225.97,2025-05-31 06:50:29,BOND,1
T05943,W0056,W0004,537532.79,2025-05-31 13:07:00,BOND,0
T02887,W0020,W0014,539188.1,2025-05-31 17:03:00,USD,0
T09078,W0006,W0035,1192958.22,2025-05-31 08:50:29,USD,1
T07680,W0049,W0076,1188059.24,2025-05-31 06:50:29,FX,1
T00535,W0055,W0054,451942.0,2025-05-31 13:52:00,BOND,0
T06725,W0064,W0034,415046.47,2025-05-31 16:49:00,USD,0
T09825,W0074,W0080,1086230.24,2025-05-31 06:50:29,BOND,1
T05062,W0018,W0013,465049.56,2025-05-31 14:22:00,BOND,0
T01025,W0020,W0031,464766.95,2025-05-31 11:50:00,FX,0
T09219,W0100,W0083,1163205.79,2025-05-31 07:50:29,BOND,1
T00512,W0031,W0048,439104.14,2025-05-31 09:40:00,USD,0
T00057,W0096,W0096,436867.35,2025-05-31 17:12:00,FX,0
T04958,W0037,W0010,462076.93,2025-05-31 12:41:00,FX,0
T05004,W0046,W0080,420227.93,2025-05-31 18:46:00,FX,0
T08996,W0083,W0010,1054684.69,2025-05-31 06:50:29,BOND,1
T09936,W0015,W0078,1179867.32,2025-05-31 08:50:29,USD,1
T09843,W0053,W0051,1011910.35,2025-05-31 07:50:29,USD,1
T07916,W0085,W0072,1118982.99,2025-05-31 07:50:29,FX,1
T08184,W0048,W0032,947718.95,2025-05-31 06:50:29,FX,1
T00124,W0075,W0004,681605.23,2025-05-31 18:11:00,FX,0
T00199,W0028,W0100,520764.23,2025-05-31 16:13:00,BOND,0
T03327,W0047,W0098,533919.76,2025-05-31 17:42:00,USD,0
T03380,W0100,W0049,413148.73,2025-05-31 18:55:00,USD,0
T06227,W0031,W0065,584354.09,2025-05-31 14:00:00,USD,0
T02561,W0028,W0039,432125.48,2025-05-31 13:07:00,USD,0
T05647,W0018,W0071,522248.29,2025-05-31 15:43:00,BOND,0
T08917,W0099,W0050,1029760.62,2025-05-31 06:50:29,FX,1
T00302,W0029,W0047,526172.66,2025-05-31 18:51:00,FX,0
T00205,W0086,W0075,393312.56,2025-05-31 11:28:00,FX,0
T04609,W0009,W0099,498196.86,2025-05-31 10:38:00,USD,0
T00484,W0074,W0031,538716.46,2025-05-31 17:31:00,FX,0
T03803,W0040,W0066,416292.43,2025-05-31 13:00:00,FX,0
T02511,W0067,W0005,500970.54,2025-05-31 11:28:00,USD,0
T00260,W0028,W0076,479229.52,2025-05-31 18:47:00,FX,0
T07942,W0096,W0093,1170286.45,2025-05-31 08:50:29,BOND,1
T03217,W0072,W0085,566893.17,2025-05-31 09:44:00,BOND,0
T00779,W0053,W0055,516632.63,2025-05-31 11:59:00,FX,0
T09223,W0030,W0056,905840.46,2025-05-31 08:50:29,FX,1
T01052,W0067,W0087,542408.15,2025-05-31 15:01:00,FX,0
T06149,W0026,W0092,515735.74,2025-05-31 14:20:00,FX,0
T08379,W0099,W0084,1061230.78,2025-05-31 08:50:29,BOND,1
T03099,W0036,W0093,439214.56,2025-05-31 12:42:00,USD,0
T06698,W0065,W0065,526500.92,2025-05-31 10:17:00,BOND,0
T09320,W0072,W0081,994929.48,2025-05-31 07:50:29,USD,1
T05261,W0084,W0029,365055.53,2025-05-31 17:46:00,FX,0
T05127,W0080,W0089,325781.34,2025-05-31 13:31:00,BOND,0
T01621,W0047,W0055,467711.49,2025-05-31 13:30:00,FX,0
T05680,W0056,W0021,406069.06,2025-05-31 18:38:00,FX,0
T07171,W0036,W0078,486985.63,2025-05-31 14:36:00,USD,0
T07619,W0089,W0096,588501.47,2025-05-31 09:50:00,BOND,0
T02521,W0060,W0057,503543.09,2025-05-31 09:33:00,BOND,0
T01316,W0003,W0061,422104.65,2025-05-31 09:30:00,BOND,0
T05440,W0023,W0071,557015.54,2025-05-31 17:00:00,FX,0
T00650,W0062,W0003,494257.45,2025-05-31 10:03:00,USD,0
T01392,W0012,W0063,680871.47,2025-05-31 09:47:00,FX,0
T00407,W0024,W0052,646333.72,2025-05-31 15:35:00,FX,0
T04859,W0019,W0055,469602.02,2025-05-31 11:42:00,FX,0
T04363,W0020,W0071,470170.54,2025-05-31 11:10:00,FX,0
T09387,W0055,W0072,1131304.47,2025-05-31 08:50:29,USD,1
T01083,W0073,W0100,593621.35,2025-05-31 18:32:00,FX,0
T06525,W0051,W0084,479382.39,2025-05-31 16:39:00,FX,0
T07646,W0019,W0070,428524.86,2025-05-31 11:30:00,USD,0
T01790,W0050,W0020,538452.64,2025-05-31 11:22:00,FX,0
T09161,W0008,W0085,950763.85,2025-05-31 07:50:29,BOND,1
T00136,W0069,W0042,584055.99,2025-05-31 15:55:00,FX,0
T02344,W0087,W0081,578523.87,2025-05-31 16:25:00,BOND,0
T09322,W0090,W0100,1137470.6,2025-05-31 08:50:29,USD,1
T02578,W0087,W0009,474991.51,2025-05-31 16:39:00,FX,0
T09535,W0074,W0014,1088749.97,2025-05-31 06:50:29,BOND,1
T05098,W0014,W0087,585921.12,2025-05-31 12:30:00,USD,0
T09577,W0052,W0005,1108604.91,2025-05-31 06:50:29,FX,1
T01437,W0040,W0032,474734.86,2025-05-31 17:29:00,FX,0
T06811,W0080,W0085,575646.45,2025-05-31 10:06:00,FX,0
T01876,W0096,W0032,520863.81,2025-05-31 11:24:00,BOND,0
T09166,W0012,W0055,969237.25,2025-05-31 06:50:29,FX,1
T08492,W0016,W0020,981961.82,2025-05-31 07:50:29,BOND,1
T08943,W0098,W0032,968092.78,2025-05-31 07:50:29,FX,1
T05288,W0008,W0047,594982.57,2025-05-31 09:18:00,USD,0
T01415,W0047,W0019,587847.41,2025-05-31 14:37:00,FX,0
T04110,W0037,W0076,498591.29,2025-05-31 10:08:00,BOND,0
T03050,W0032,W0020,410516.89,2025-05-31 13:22:00,FX,0
T03574,W0014,W0025,651699.73,2025-05-31 15:42:00,BOND,0
T09737,W0058,W0036,1024713.36,2025-05-31 07:50:29,FX,1
T08318,W0070,W0060,900969.31,2025-05-31 06:50:29,BOND,1
T00674,W0029,W0012,428049.41,2025-05-31 12:31:00,FX,0
T08757,W0080,W0057,978326.74,2025-05-31 07:50:29,FX,1
T09595,W0026,W0013,1106883.43,2025-05-31 08:50:29,BOND,1
T06843,W0095,W0078,544869.53,2025-05-31 13:41:00,USD,0
T00041,W0021,W0006,536262.6,2025-05-31 17:19:00,BOND,0
T06400,W0030,W0009,421725.89,2025-05-31 13:11:00,USD,0
T03605,W0085,W0091,354034.82,2025-05-31 10:12:00,FX,0
T04401,W0010,W0006,474361.66,2025-05-31 18:13:00,FX,0
T01594,W0075,W0099,402196.79,2025-05-31 14:34:00,BOND,0
T01938,W0062,W0019,526562.79,2025-05-31 16:58:00,USD,0
T04578,W0046,W0017,393918.62,2025-05-31 10:28:00,BOND,0
T04253,W0007,W0005,647700.62,2025-05-31 18:12:00,USD,0
T05166,W0071,W0099,484061.84,2025-05-31 16:50:00,BOND,0
T03657,W0014,W0089,575818.63,2025-05-31 16:55:00,FX,0
T02690,W0012,W0016,571724.83,2025-05-31 18:38:00,FX,0
T06040,W0060,W0072,667669.16,2025-05-31 11:53:00,USD,0
T06252,W0077,W0094,568255.41,2025-05-31 11:48:00,USD,0
T08761,W0085,W0015,973767.97,2025-05-31 08:50:29,USD,1
T08907,W0064,W0050,1044836.85,2025-05-31 08:50:29,USD,1
T04862,W0056,W0080,555406.22,2025-05-31 09:03:00,BOND,0
T02651,W0053,W0042,474118.88,2025-05-31 16:17:00,FX,0
T04620,W0009,W0085,487976.34,2025-05-31 18:35:00,USD,0
T04086,W0095,W0042,527445.44,2025-05-31 13:02:00,USD,0
T08769,W0075,W0038,958494.78,2025-05-31 07:50:29,USD,1
T06209,W0052,W0057,462642.86,2025-05-31 12:10:00,BOND,0
T09710,W0031,W0021,1020372.46,2025-05-31 06:50:29,FX,1
T04739,W0047,W0029,516812.25,2025-05-31 09:16:00,USD,0
T01496,W0089,W0079,629370.13,2025-05-31 13:40:00,FX,0
T05320,W0060,W0039,505948.01,2025-05-31 12:19:00,FX,0
T05241,W0091,W0023,552988.14,2025-05-31 16:15:00,FX,0
T07242,W0062,W0004,528759.94,2025-05-31 17:47:00,FX,0
T04140,W0072,W0039,375498.86,2025-05-31 13:56:00,BOND,0
T07138,W0003,W0077,565536.32,2025-05-31 10:39:00,BOND,0
T02886,W0037,W0033,370653.73,2025-05-31 16:24:00,FX,0
T06888,W0021,W0073,406118.37,2025-05-31 13:59:00,BOND,0
T03286,W0100,W0026,591503.97,2025-05-31 09:40:00,BOND,0
T08697,W0049,W0041,985131.9,2025-05-31 07:50:29,USD,1
T07859,W0074,W0034,905712.24,2025-05-31 06:50:29,BOND,1
T01881,W0053,W0057,425037.71,2025-05-31 09:35:00,BOND,0
T04536,W0060,W0090,494862.51,2025-05-31 11:42:00,FX,0
T00615,W0046,W0092,465664.0,2025-05-31 14:05:00,BOND,0
T01692,W0071,W0027,413119.28,2025-05-31 10:30:00,USD,0
T09957,W0094,W0007,938478.19,2025-05-31 07:50:29,USD,1
T03314,W0057,W0071,421307.88,2025-05-31 17:34:00,USD,0
T03177,W0017,W0086,428084.45,2025-05-31 10:25:00,BOND,0
T04910,W0087,W0050,413660.19,2025-05-31 15:28:00,FX,0
T06796,W0041,W0057,557132.72,2025-05-31 09:02:00,USD,0
T04389,W0066,W0086,394202.51,2025-05-31 09:57:00,FX,0
T03262,W0073,W0023,628985.05,2025-05-31 11:45:00,BOND,0
T09018,W0028,W0029,1049627.21,2025-05-31 06:50:29,USD,1
T08046,W0063,W0070,1142054.55,2025-05-31 08:50:29,BOND,1
T07090,W0045,W0067,367277.48,2025-05-31 12:58:00,USD,0
T02679,W0062,W0035,398645.88,2025-05-31 16:33:00,BOND,0
T01846,W0038,W0036,564658.89,2025-05-31 14:05:00,FX,0
T07127,W0039,W0095,520408.27,2025-05-31 17:48:00,FX,0
T04703,W0024,W0092,499810.93,2025-05-31 09:43:00,BOND,0
T05138,W0034,W0018,464252.28,2025-05-31 17:39:00,USD,0
T03001,W0082,W0039,438602.06,2025-05-31 17:55:00,BOND,0
T04461,W0091,W0015,483860.38,2025-05-31 10:55:00,USD,0
T06987,W0048,W0066,359326.79,2025-05-31 18:03:00,USD,0
T07535,W0075,W0084,543325.46,2025-05-31 17:13:00,USD,0
T02630,W0068,W0023,411936.13,2025-05-31 12:30:00,BOND,0
T01183,W0088,W0029,565677.41,2025-05-31 13:37:00,FX,0
T01241,W0052,W0085,419505.43,2025-05-31 12:04:00,FX,0
T00117,W0014,W0094,380291.77,2025-05-31 15:45:00,FX,0
T04890,W0004,W0091,473629.83,2025-05-31 14:25:00,FX,0
T08601,W0060,W0079,1115148.63,2025-05-31 06:50:29,USD,1
T07365,W0040,W0081,453840.06,2025-05-31 09:21:00,FX,0
T08168,W0082,W0081,964879.23,2025-05-31 07:50:29,BOND,1
T05495,W0004,W0019,562235.19,2025-05-31 16:52:00,BOND,0
T07871,W0094,W0095,904861.15,2025-05-31 06:50:29,BOND,1
T07657,W0068,W0045,935029.5,2025-05-31 08:50:29,USD,1
T03010,W0019,W0057,369729.65,2025-05-31 18:06:00,USD,0
T04873,W0003,W0096,367993.51,2025-05-31 09:46:00,FX,0
T09370,W0084,W0077,1131948.28,2025-05-31 06:50:29,BOND,1
T09947,W0068,W0091,1072897.06,2025-05-31 06:50:29,BOND,1
T01607,W0088,W0082,408863.81,2025-05-31 14:58:00,USD,0
T05121,W0066,W0024,567839.9,2025-05-31 11:22:00,USD,0
T08262,W0054,W0033,1190628.11,2025-05-31 08:50:29,FX,1
T04590,W0085,W0085,531124.6,2025-05-31 11:10:00,USD,0
T08819,W0064,W0055,1049222.02,2025-05-31 07:50:29,USD,1
T05520,W0027,W0095,476681.53,2025-05-31 14:00:00,FX,0
T06824,W0077,W0092,522187.99,2025-05-31 10:50:00,BOND,0
T07974,W0059,W0054,1064028.31,2025-05-31 08:50:29,USD,1
T03403,W0015,W0096,481089.05,2025-05-31 15:54:00,USD,0
T06575,W0022,W0089,608225.09,2025-05-31 13:35:00,USD,0
T06063,W0054,W0014,548861.57,2025-05-31 17:50:00,FX,0
T02485,W0034,W0075,558272.35,2025-05-31 12:47:00,FX,0
T07073,W0022,W0089,657378.39,2025-05-31 19:00:00,FX,0
T09433,W0046,W0005,936948.55,2025-05-31 08:50:29,BOND,1
T03186,W0058,W0011,326636.25,2025-05-31 12:04:00,BOND,0
T01130,W0057,W0032,674853.58,2025-05-31 10:19:00,FX,0
T04735,W0028,W0021,589999.07,2025-05-31 11:50:00,USD,0
T00327,W0009,W0069,457783.26,2025-05-31 16:31:00,BOND,0
T00726,W0085,W0040,485810.01,2025-05-31 14:47:00,USD,0
T03569,W0082,W0041,682134.84,2025-05-31 14:39:00,BOND,0
T08424,W0090,W0030,999383.34,2025-05-31 07:50:29,USD,1
T02325,W0050,W0005,368111.97,2025-05-31 13:52:00,BOND,0
T06749,W0047,W0018,339018.63,2025-05-31 16:34:00,USD,0
T05630,W0054,W0070,631240.02,2025-05-31 11:28:00,BOND,0
T02540,W0090,W0041,553478.28,2025-05-31 18:34:00,FX,0
T03760,W0063,W0004,454954.85,2025-05-31 10:37:00,BOND,0
T09675,W0026,W0035,1100263.67,2025-05-31 07:50:29,BOND,1
T09317,W0078,W0078,1089042.63,2025-05-31 06:50:29,USD,1
T02897,W0054,W0074,486204.76,2025-05-31 12:35:00,USD,0
T06775,W0010,W0066,657529.58,2025-05-31 12:28:00,FX,0
T01029,W0093,W0085,511943.8,2025-05-31 17:55:00,FX,0
T05729,W0034,W0031,395982.76,2025-05-31 11:12:00,BOND,0
T00498,W0005,W0072,389994.41,2025-05-31 09:56:00,USD,0
T01410,W0076,W0046,339239.45,2025-05-31 16:43:00,USD,0
T06550,W0057,W0060,500814.81,2025-05-31 15:11:00,USD,0
T03005,W0080,W0021,374908.94,2025-05-31 16:56:00,BOND,0
T08822,W0034,W0100,1094957.27,2025-05-31 07:50:29,USD,1
T05598,W0077,W0079,369411.13,2025-05-31 11:50:00,FX,0
T04684,W0096,W0025,519613.8,2025-05-31 15:16:00,USD,0
T02574,W0034,W0059,542251.65,2025-05-31 18:52:00,FX,0
T03519,W0011,W0029,387745.82,2025-05-31 16:47:00,USD,0
T08376,W0027,W0067,998526.18,2025-05-31 08:50:29,FX,1
T01741,W0001,W0050,496136.58,2025-05-31 12:13:00,FX,0
T02096,W0084,W0052,535691.91,2025-05-31 17:46:00,USD,0
T06621,W0009,W0087,810029.54,2025-05-31 18:45:00,USD,0
T00720,W0093,W0095,390214.45,2025-05-31 15:08:00,FX,0
T07043,W0006,W0042,496867.33,2025-05-31 13:57:00,USD,0
T09593,W0028,W0023,1026970.87,2025-05-31 06:50:29,FX,1
T04495,W0085,W0096,484230.34,2025-05-31 14:18:00,USD,0
T04630,W0084,W0048,624356.08,2025-05-31 13:02:00,BOND,0
T05547,W0002,W0091,427037.55,2025-05-31 12:08:00,FX,0
T09056,W0052,W0047,1091631.22,2025-05-31 07:50:29,BOND,1
T09100,W0022,W0046,972831.6,2025-05-31 06:50:29,USD,1
T03864,W0064,W0017,457206.87,2025-05-31 13:19:00,BOND,0
T08508,W0002,W0026,1191156.65,2025-05-31 06:50:29,USD,1
T02883,W0091,W0050,487766.16,2025-05-31 18:05:00,BOND,0
T00894,W0090,W0056,599561.17,2025-05-31 17:58:00,USD,0
T02160,W0017,W0066,475010.51,2025-05-31 16:38:00,FX,0
T03985,W0003,W0023,560443.15,2025-05-31 16:23:00,USD,0
T07478,W0084,W0084,620685.93,2025-05-31 17:23:00,BOND,0
T05527,W0090,W0087,642093.76,2025-05-31 18:09:00,USD,0
T07663,W0040,W0022,920344.36,2025-05-31 06:50:29,FX,1
T09840,W0037,W0028,1001274.3,2025-05-31 08:50:29,FX,1
T08392,W0035,W0052,1154765.32,2025-05-31 08:50:29,USD,1
T06192,W0028,W0032,515241.07,2025-05-31 15:08:00,USD,0
T02164,W0043,W0082,478586.05,2025-05-31 16:45:00,BOND,0
T04129,W0060,W0023,442411.77,2025-05-31 14:05:00,BOND,0
T04838,W0038,W0057,550397.18,2025-05-31 11:37:00,BOND,0
T09379,W0042,W0071,1193662.67,2025-05-31 06:50:29,FX,1
T06037,W0080,W0011,494805.89,2025-05-31 13:19:00,FX,0
T09153,W0029,W0096,1134687.49,2025-05-31 08:50:29,BOND,1
T03483,W0070,W0053,505449.09,2025-05-31 11:42:00,FX,0
T09468,W0063,W0005,1070498.32,2025-05-31 08:50:29,USD,1
T04912,W0035,W0051,543071.11,2025-05-31 16:55:00,USD,0
T08994,W0081,W0073,1018079.89,2025-05-31 06:50:29,FX,1
T09233,W0016,W0075,1147320.66,2025-05-31 08:50:29,BOND,1
T08224,W0004,W0099,1022207.55,2025-05-31 06:50:29,BOND,1
T08399,W0022,W0023,909814.42,2025-05-31 08:50:29,USD,1
T05374,W0058,W0065,473675.14,2025-05-31 09:26:00,BOND,0
T03964,W0044,W0053,621000.47,2025-05-31 17:25:00,FX,0
T00692,W0057,W0009,442586.04,2025-05-31 09:30:00,USD,0
T01748,W0025,W0090,338255.89,2025-05-31 19:00:00,USD,0
T02635,W0021,W0037,527965.55,2025-05-31 12:29:00,FX,0
T06434,W0027,W0046,685338.08,2025-05-31 12:18:00,BOND,0
T02610,W0042,W0049,423854.94,2025-05-31 10:53:00,FX,0
T01633,W0023,W0082,595696.26,2025-05-31 09:35:00,BOND,0
T09266,W0088,W0024,1012250.76,2025-05-31 07:50:29,BOND,1
T09550,W0024,W0054,927150.52,2025-05-31 07:50:29,BOND,1
T02037,W0047,W0013,497685.94,2025-05-31 15:36:00,BOND,0
T07003,W0081,W0023,456129.34,2025-05-31 13:40:00,BOND,0
T06113,W0008,W0087,550683.22,2025-05-31 10:38:00,FX,0
T03940,W0063,W0025,474587.06,2025-05-31 15:00:00,FX,0
T08010,W0034,W0073,916393.26,2025-05-31 07:50:29,USD,1
T01784,W0097,W0020,691881.52,2025-05-31 16:00:00,FX,0
T08476,W0013,W0068,1038410.65,2025-05-31 07:50:29,BOND,1
T00207,W0080,W0099,509480.55,2025-05-31 09:04:00,FX,0
T05360,W0064,W0056,593269.54,2025-05-31 10:52:00,USD,0
T06078,W0028,W0026,526520.5,2025-05-31 14:56:00,FX,0
T00184,W0097,W0055,534905.7,2025-05-31 16:21:00,USD,0
T09541,W0032,W0035,1152655.91,2025-05-31 07:50:29,FX,1
T09125,W0027,W0042,974521.42,2025-05-31 08:50:29,FX,1
T04869,W0053,W0050,543931.15,2025-05-31 10:56:00,BOND,0
T03248,W0012,W0078,522776.99,2025-05-31 17:42:00,BOND,0
T04387,W0092,W0098,534546.61,2025-05-31 13:03:00,BOND,0
T07139,W0001,W0075,401462.73,2025-05-31 09:02:00,BOND,0
T03802,W0078,W0047,476864.83,2025-05-31 17:58:00,FX,0
T03484,W0053,W0099,549681.1,2025-05-31 09:40:00,BOND,0
T00818,W0099,W0043,329526.97,2025-05-31 18:35:00,FX,0
T07506,W0013,W0049,520307.79,2025-05-31 14:59:00,BOND,0
T07669,W0012,W0007,935702.07,2025-05-31 06:50:29,BOND,1
T09104,W0099,W0006,1004208.19,2025-05-31 07:50:29,FX,1
T01777,W0024,W0097,449998.38,2025-05-31 12:13:00,USD,0
T06206,W0024,W0079,588137.38,2025-05-31 09:13:00,USD,0
T03585,W0088,W0013,591464.11,2025-05-31 16:50:00,BOND,0
T06142,W0091,W0042,499181.62,2025-05-31 12:13:00,FX,0
T05616,W0056,W0071,689254.99,2025-05-31 16:04:00,BOND,0
T03794,W0064,W0067,512168.88,2025-05-31 12:25:00,USD,0
T07318,W0004,W0084,578491.97,2025-05-31 14:47:00,BOND,0
T02224,W0081,W0060,484007.2,2025-05-31 14:56:00,BOND,0
T01249,W0049,W0014,368437.07,2025-05-31 18:06:00,USD,0
T00511,W0002,W0036,551189.83,2025-05-31 09:31:00,BOND,0
T07316,W0021,W0065,479101.9,2025-05-31 14:17:00,BOND,0
T08661,W0080,W0062,1170539.29,2025-05-31 07:50:29,BOND,1
T00211,W0043,W0026,415497.61,2025-05-31 15:01:00,FX,0
T06830,W0085,W0007,495075.65,2025-05-31 17:19:00,BOND,0
T01293,W0085,W0033,413781.37,2025-05-31 14:22:00,BOND,0
T00436,W0003,W0033,408072.99,2025-05-31 11:57:00,USD,0
T09528,W0057,W0016,971129.7,2025-05-31 07:50:29,USD,1
T06680,W0055,W0080,503630.57,2025-05-31 17:20:00,BOND,0
T04631,W0060,W0045,589372.09,2025-05-31 12:50:00,BOND,0
T02385,W0058,W0090,403622.59,2025-05-31 11:17:00,BOND,0
T09114,W0041,W0039,955412.66,2025-05-31 06:50:29,FX,1
T04705,W0029,W0022,429902.95,2025-05-31 09:31:00,BOND,0
T03646,W0008,W0018,495266.43,2025-05-31 14:52:00,USD,0
T03205,W0089,W0013,522561.41,2025-05-31 18:21:00,FX,0
T00182,W0080,W0096,499950.18,2025-05-31 18:36:00,FX,0
T03817,W0024,W0052,381513.24,2025-05-31 12:12:00,USD,0
T04736,W0006,W0084,389097.42,2025-05-31 13:43:00,FX,0
T00234,W0089,W0094,528626.97,2025-05-31 11:51:00,FX,0
T02352,W0038,W0085,440841.19,2025-05-31 14:33:00,BOND,0
T01203,W0058,W0005,524778.51,2025-05-31 17:31:00,USD,0
T06297,W0056,W0082,611390.62,2025-05-31 18:01:00,FX,0
T04340,W0077,W0003,532054.85,2025-05-31 10:49:00,USD,0
T04175,W0004,W0075,587460.78,2025-05-31 14:42:00,USD,0
T08586,W0097,W0057,1105208.94,2025-05-31 06:50:29,FX,1
T05102,W0023,W0028,513497.5,2025-05-31 13:09:00,FX,0
T08502,W0091,W0015,1141346.32,2025-05-31 06:50:29,BOND,1
T08825,W0068,W0051,998918.93,2025-05-31 06:50:29,USD,1
T00328,W0010,W0095,401516.76,2025-05-31 15:21:00,USD,0
T08931,W0089,W0028,1170726.44,2025-05-31 06:50:29,FX,1
T05349,W0071,W0027,531741.65,2025-05-31 12:08:00,FX,0
T04269,W0098,W0013,605849.82,2025-05-31 17:10:00,BOND,0
T09772,W0079,W0019,1138250.42,2025-05-31 06:50:29,USD,1
T03677,W0093,W0052,391972.06,2025-05-31 11:39:00,BOND,0
T08422,W0093,W0055,976504.19,2025-05-31 06:50:29,FX,1
T06825,W0002,W0035,541865.81,2025-05-31 14:07:00,USD,0
T04029,W0099,W0089,459619.14,2025-05-31 17:33:00,BOND,0
T07036,W0072,W0004,512470.94,2025-05-31 16:21:00,FX,0
T04896,W0068,W0006,571218.4,2025-05-31 14:06:00,BOND,0
T04852,W0090,W0076,755455.75,2025-05-31 14:34:00,FX,0
T05225,W0061,W0035,476545.69,2025-05-31 11:48:00,BOND,0
T05958,W0060,W0075,450181.11,2025-05-31 11:34:00,USD,0
T09352,W0067,W0068,925410.18,2025-05-31 07:50:29,BOND,1
T08715,W0093,W0037,1066213.93,2025-05-31 07:50:29,BOND,1
T03082,W0086,W0100,499570.67,2025-05-31 17:51:00,USD,0
T01612,W0058,W0028,488645.45,2025-05-31 16:50:00,USD,0
T06419,W0069,W0075,544061.98,2025-05-31 17:01:00,FX,0
T03931,W0044,W0086,571149.88,2025-05-31 09:56:00,FX,0
T02175,W0025,W0046,470880.64,2025-05-31 16:00:00,USD,0
T05809,W0076,W0073,421321.48,2025-05-31 14:17:00,FX,0
T03506,W0050,W0054,543483.21,2025-05-31 12:22:00,BOND,0
T06385,W0051,W0008,414421.57,2025-05-31 13:46:00,USD,0
T01797,W0078,W0077,614753.53,2025-05-31 18:22:00,BOND,0
T05661,W0015,W0024,591953.44,2025-05-31 17:44:00,BOND,0
T03510,W0042,W0017,361449.3,2025-05-31 13:31:00,BOND,0
T03070,W0032,W0029,601066.0,2025-05-31 16:51:00,BOND,0
T07187,W0052,W0021,507129.45,2025-05-31 10:05:00,BOND,0
T06053,W0025,W0042,471816.2,2025-05-31 15:42:00,USD,0
T01487,W0034,W0056,515016.92,2025-05-31 16:19:00,BOND,0
T04795,W0077,W0061,460373.21,2025-05-31 13:32:00,BOND,0
T04561,W0088,W0067,446367.61,2025-05-31 10:39:00,FX,0
T06976,W0015,W0039,436832.58,2025-05-31 15:41:00,USD,0
T08766,W0057,W0035,1036354.93,2025-05-31 07:50:29,BOND,1
T09636,W0026,W0043,923589.34,2025-05-31 08:50:29,FX,1
T06504,W0019,W0006,596728.03,2025-05-31 11:06:00,BOND,0
T04018,W0049,W0040,510561.34,2025-05-31 10:41:00,BOND,0
T07996,W0011,W0079,1188826.83,2025-05-31 06:50:29,FX,1
T07951,W0006,W0027,976692.92,2025-05-31 07:50:29,USD,1
T06390,W0037,W0082,546615.94,2025-05-31 14:14:00,USD,0
T07527,W0069,W0019,578943.16,2025-05-31 12:38:00,FX,0
T07552,W0091,W0027,504325.58,2025-05-31 10:47:00,FX,0
T06231,W0040,W0001,423972.44,2025-05-31 18:34:00,USD,0
T03282,W0012,W0065,655070.72,2025-05-31 12:50:00,BOND,0
T02595,W0034,W0081,583836.67,2025-05-31 12:31:00,FX,0
T01331,W0078,W0027,493558.7,2025-05-31 10:18:00,BOND,0
T05441,W0046,W0040,584407.28,2025-05-31 15:09:00,USD,0
T07511,W0094,W0057,437266.64,2025-05-31 09:43:00,USD,0
T06187,W0055,W0023,543009.4,2025-05-31 16:23:00,BOND,0
T08539,W0014,W0060,1022560.47,2025-05-31 06:50:29,BOND,1
T04023,W0064,W0060,568654.58,2025-05-31 14:48:00,BOND,0
T09215,W0018,W0097,971505.63,2025-05-31 08:50:29,FX,1
T01056,W0021,W0012,638124.55,2025-05-31 14:54:00,USD,0
T04720,W0091,W0048,537644.46,2025-05-31 10:53:00,BOND,0
T03259,W0008,W0064,524822.7,2025-05-31 14:50:00,BOND,0
T08695,W0002,W0073,1119388.42,2025-05-31 08:50:29,FX,1
T06011,W0096,W0042,475341.63,2025-05-31 14:54:00,BOND,0
T05566,W0034,W0092,508581.2,2025-05-31 11:10:00,BOND,0
T07273,W0012,W0030,502698.3,2025-05-31 18:03:00,BOND,0
T00808,W0018,W0063,381561.62,2025-05-31 17:04:00,BOND,0
T09369,W0029,W0079,1197868.74,2025-05-31 08:50:29,FX,1
T00506,W0095,W0071,483948.55,2025-05-31 15:09:00,FX,0
T03593,W0009,W0008,591504.07,2025-05-31 16:31:00,USD,0
T08693,W0097,W0053,1196620.4,2025-05-31 07:50:29,BOND,1
T05387,W0045,W0067,464139.42,2025-05-31 17:07:00,BOND,0
T08293,W0030,W0019,1002875.46,2025-05-31 08:50:29,FX,1
T08029,W0047,W0041,1184994.11,2025-05-31 06:50:29,USD,1
T00301,W0050,W0089,393957.87,2025-05-31 09:43:00,BOND,0
T08914,W0062,W0061,999972.35,2025-05-31 08:50:29,FX,1
T02215,W0051,W0023,477097.17,2025-05-31 16:03:00,FX,0
T09610,W0089,W0075,1160253.97,2025-05-31 07:50:29,BOND,1
T07781,W0050,W0046,1058849.39,2025-05-31 08:50:29,USD,1
T06720,W0099,W0004,569254.58,2025-05-31 09:21:00,BOND,0
T02463,W0013,W0030,433054.74,2025-05-31 09:34:00,BOND,0
T01444,W0085,W0008,399902.39,2025-05-31 17:06:00,USD,0
T09616,W0020,W0057,940806.54,2025-05-31 07:50:29,FX,1
T06376,W0073,W0065,705005.39,2025-05-31 13:24:00,FX,0
T03189,W0053,W0051,450541.88,2025-05-31 17:05:00,USD,0
T05948,W0020,W0058,413412.32,2025-05-31 14:30:00,BOND,0
T03740,W0031,W0058,311446.61,2025-05-31 16:53:00,USD,0
T05966,W0034,W0092,585067.16,2025-05-31 15:53:00,USD,0
T07648,W0032,W0082,509417.19,2025-05-31 09:57:00,FX,0
T00369,W0095,W0034,511297.19,2025-05-31 14:14:00,BOND,0
T04106,W0098,W0066,459088.83,2025-05-31 12:25:00,BOND,0
T02066,W0065,W0056,483325.06,2025-05-31 11:07:00,USD,0
T04062,W0081,W0062,571542.61,2025-05-31 09:14:00,BOND,0
T09430,W0092,W0013,1084956.88,2025-05-31 07:50:29,USD,1
T00296,W0079,W0004,466157.64,2025-05-31 13:08:00,BOND,0
T05599,W0004,W0028,428948.71,2025-05-31 16:57:00,FX,0
T05443,W0031,W0097,505892.64,2025-05-31 09:02:00,USD,0
T02252,W0062,W0082,531891.83,2025-05-31 17:41:00,BOND,0
T05275,W0022,W0052,525353.1,2025-05-31 11:33:00,FX,0
T03877,W0004,W0057,713404.37,2025-05-31 18:03:00,FX,0
T06405,W0067,W0021,529149.24,2025-05-31 16:01:00,BOND,0
T09126,W0072,W0062,1123441.45,2025-05-31 06:50:29,USD,1
T03344,W0070,W0045,524432.63,2025-05-31 09:03:00,FX,0
T07589,W0050,W0056,500995.6,2025-05-31 09:34:00,USD,0
T07299,W0055,W0037,564461.88,2025-05-31 09:37:00,USD,0
T02076,W0086,W0097,371867.43,2025-05-31 18:58:00,USD,0
T09654,W0051,W0095,1189128.48,2025-05-31 08:50:29,BOND,1
T07320,W0085,W0088,339204.53,2025-05-31 10:37:00,BOND,0
T02713,W0050,W0067,512477.1,2025-05-31 12:03:00,FX,0
T00249,W0005,W0024,627602.52,2025-05-31 16:04:00,BOND,0
T00873,W0096,W0015,497996.66,2025-05-31 16:55:00,FX,0
T04832,W0012,W0049,576954.31,2025-05-31 16:27:00,USD,0
T09424,W0032,W0013,1052342.7,2025-05-31 08:50:29,USD,1
T03551,W0077,W0076,499165.63,2025-05-31 09:03:00,BOND,0
T02976,W0089,W0056,409323.74,2025-05-31 16:16:00,FX,0
T09492,W0072,W0009,902768.13,2025-05-31 06:50:29,USD,1
T04147,W0080,W0085,362263.89,2025-05-31 11:18:00,USD,0
T06057,W0003,W0041,543559.77,2025-05-31 14:50:00,FX,0
T04914,W0022,W0059,573376.65,2025-05-31 10:51:00,FX,0
T07625,W0017,W0058,603180.58,2025-05-31 09:58:00,BOND,0
T03207,W0009,W0038,485006.13,2025-05-31 10:24:00,USD,0
T06989,W0002,W0098,605125.57,2025-05-31 10:55:00,USD,0
T01951,W0026,W0027,417235.28,2025-05-31 10:41:00,BOND,0
T07833,W0025,W0024,1087082.8,2025-05-31 06:50:29,BOND,1
T08864,W0056,W0049,1013002.11,2025-05-31 07:50:29,FX,1
T00430,W0090,W0027,499413.39,2025-05-31 11:01:00,BOND,0
T09728,W0008,W0094,1038357.13,2025-05-31 07:50:29,USD,1
T01856,W0087,W0003,569796.63,2025-05-31 16:09:00,USD,0
T05571,W0059,W0065,531742.52,2025-05-31 14:40:00,USD,0
T08478,W0068,W0049,1000793.25,2025-05-31 06:50:29,BOND,1
T08225,W0097,W0100,1121175.81,2025-05-31 06:50:29,BOND,1
T02710,W0080,W0067,529370.95,2025-05-31 13:31:00,USD,0
T01476,W0020,W0067,467780.4,2025-05-31 16:26:00,FX,0
T03756,W0033,W0079,433011.41,2025-05-31 12:54:00,FX,0
T07766,W0093,W0042,927555.27,2025-05-31 07:50:29,USD,1
T02943,W0008,W0058,428976.35,2025-05-31 18:39:00,BOND,0
T02399,W0069,W0063,522534.27,2025-05-31 17:15:00,BOND,0
T01844,W0028,W0097,582268.38,2025-05-31 18:52:00,USD,0
T00947,W0071,W0044,502019.79,2025-05-31 15:00:00,FX,0
T05408,W0029,W0073,487903.16,2025-05-31 10:13:00,BOND,0
T01436,W0080,W0062,336313.45,2025-05-31 18:45:00,BOND,0
T01994,W0024,W0034,509669.82,2025-05-31 14:27:00,USD,0
T00399,W0063,W0075,410623.1,2025-05-31 17:57:00,FX,0
T08371,W0060,W0028,1179349.31,2025-05-31 08:50:29,FX,1
T05286,W0070,W0041,472956.94,2025-05-31 10:10:00,FX,0
T03742,W0074,W0081,533970.57,2025-05-31 10:34:00,USD,0
T06062,W0048,W0081,520295.04,2025-05-31 17:20:00,USD,0
T02619,W0028,W0023,509572.39,2025-05-31 11:12:00,USD,0
T04400,W0059,W0006,586746.07,2025-05-31 11:56:00,BOND,0
T05510,W0061,W0035,483410.41,2025-05-31 10:49:00,BOND,0
T01353,W0072,W0061,564977.57,2025-05-31 18:30:00,BOND,0
T07983,W0040,W0079,1142080.22,2025-05-31 06:50:29,USD,1
T01262,W0015,W0039,619016.43,2025-05-31 14:40:00,FX,0
T04223,W0097,W0063,686363.41,2025-05-31 10:38:00,USD,0
T00770,W0008,W0023,337771.92,2025-05-31 18:03:00,USD,0
T07841,W0077,W0053,1038386.0,2025-05-31 07:50:29,FX,1
T07797,W0048,W0074,1118275.6,2025-05-31 08:50:29,BOND,1
T00387,W0052,W0010,521356.45,2025-05-31 14:39:00,BOND,0
T03024,W0006,W0047,481319.38,2025-05-31 13:21:00,USD,0
T05291,W0069,W0008,472087.78,2025-05-31 12:42:00,USD,0
T00521,W0067,W0095,526184.71,2025-05-31 16:46:00,BOND,0
T08783,W0100,W0053,976538.24,2025-05-31 08:50:29,USD,1
T07125,W0027,W0028,419509.22,2025-05-31 15:07:00,BOND,0
T07466,W0053,W0066,475575.51,2025-05-31 17:40:00,USD,0
T07409,W0036,W0010,526673.46,2025-05-31 11:03:00,FX,0
T09329,W0041,W0016,1086951.86,2025-05-31 07:50:29,BOND,1
T08595,W0092,W0041,1095803.52,2025-05-31 08:50:29,BOND,1
T01375,W0026,W0089,562506.53,2025-05-31 10:41:00,FX,0
T01420,W0007,W0034,595699.75,2025-05-31 14:48:00,FX,0
T03882,W0001,W0065,431104.8,2025-05-31 15:13:00,USD,0
T02923,W0072,W0095,512318.14,2025-05-31 10:10:00,FX,0
T07215,W0025,W0004,420283.43,2025-05-31 16:09:00,USD,0
T09188,W0061,W0016,1144116.98,2025-05-31 06:50:29,USD,1
T05038,W0019,W0047,331561.33,2025-05-31 12:42:00,BOND,0
T08511,W0021,W0045,1171069.36,2025-05-31 07:50:29,BOND,1
T01146,W0004,W0064,732098.27,2025-05-31 10:12:00,FX,0
T07890,W0047,W0067,1191603.39,2025-05-31 06:50:29,BOND,1
T02389,W0057,W0096,353573.07,2025-05-31 13:48:00,FX,0
T02982,W0079,W0100,473034.86,2025-05-31 10:25:00,FX,0
T00269,W0015,W0077,586612.23,2025-05-31 16:04:00,BOND,0
T00757,W0035,W0067,404465.34,2025-05-31 16:01:00,USD,0
T08876,W0077,W0040,1022837.19,2025-05-31 06:50:29,USD,1
T03534,W0075,W0064,538803.83,2025-05-31 14:51:00,FX,0
T04111,W0087,W0083,479144.57,2025-05-31 12:17:00,USD,0
T05243,W0077,W0053,475068.14,2025-05-31 12:15:00,USD,0
T00276,W0065,W0037,500329.99,2025-05-31 09:22:00,FX,0
T06287,W0079,W0020,456337.57,2025-05-31 15:27:00,FX,0
T01005,W0018,W0080,469315.39,2025-05-31 15:40:00,FX,0
T01854,W0034,W0059,398838.62,2025-05-31 14:10:00,BOND,0
T05144,W0053,W0032,470459.3,2025-05-31 09:19:00,USD,0
T00356,W0052,W0033,660970.82,2025-05-31 13:52:00,USD,0
T03845,W0007,W0088,367763.2,2025-05-31 16:11:00,USD,0
T06410,W0096,W0045,332020.17,2025-05-31 11:23:00,BOND,0
T02905,W0036,W0015,528093.6,2025-05-31 09:32:00,FX,0
T02814,W0023,W0036,398214.74,2025-05-31 12:30:00,USD,0
T07498,W0034,W0024,401006.01,2025-05-31 18:55:00,FX,0
T05555,W0018,W0075,543043.91,2025-05-31 17:56:00,USD,0
T08574,W0032,W0096,1154631.87,2025-05-31 08:50:29,BOND,1
T03634,W0097,W0040,386447.59,2025-05-31 13:44:00,FX,0
T01285,W0013,W0097,477571.24,2025-05-31 10:12:00,FX,0
T05168,W0019,W0047,472885.21,2025-05-31 13:27:00,USD,0
T00290,W0063,W0014,387522.51,2025-05-31 10:29:00,USD,0
T05659,W0054,W0075,444695.15,2025-05-31 09:01:00,BOND,0
T08660,W0079,W0043,924689.89,2025-05-31 08:50:29,USD,1
T05736,W0011,W0083,586923.58,2025-05-31 18:11:00,BOND,0
T00734,W0061,W0062,465843.37,2025-05-31 11:37:00,FX,0
T06975,W0047,W0014,353617.95,2025-05-31 12:26:00,FX,0
T06735,W0074,W0002,588650.92,2025-05-31 14:12:00,BOND,0
T05633,W0068,W0100,479574.69,2025-05-31 16:43:00,USD,0
T03397,W0095,W0093,358459.67,2025-05-31 15:05:00,BOND,0
T04853,W0081,W0086,376526.49,2025-05-31 16:03:00,USD,0
T07782,W0022,W0063,1166852.05,2025-05-31 08:50:29,BOND,1
T06770,W0073,W0005,434139.88,2025-05-31 10:09:00,USD,0
T05696,W0017,W0072,579070.51,2025-05-31 13:38:00,FX,0
T02419,W0022,W0085,557352.29,2025-05-31 17:04:00,FX,0
T02297,W0094,W0087,517308.28,2025-05-31 15:49:00,BOND,0
T06886,W0076,W0040,489088.15,2025-05-31 14:17:00,FX,0
T07158,W0001,W0012,542557.01,2025-05-31 11:27:00,FX,0
T03783,W0051,W0032,543263.18,2025-05-31 13:16:00,FX,0
T00551,W0080,W0005,393025.18,2025-05-31 14:52:00,FX,0
T00055,W0014,W0082,443659.13,2025-05-31 10:56:00,USD,0
T02613,W0019,W0025,472637.12,2025-05-31 17:47:00,FX,0
T08510,W0056,W0021,1034575.75,2025-05-31 06:50:29,FX,1
T09145,W0029,W0020,1071696.78,2025-05-31 07:50:29,USD,1
T08394,W0028,W0099,1134271.91,2025-05-31 07:50:29,FX,1
T09014,W0066,W0053,1051336.92,2025-05-31 08:50:29,BOND,1
T02563,W0049,W0022,557669.5,2025-05-31 16:58:00,BOND,0
T04319,W0003,W0036,503378.92,2025-05-31 16:20:00,BOND,0
T03149,W0097,W0089,579015.59,2025-05-31 14:38:00,FX,0
T01675,W0077,W0018,536378.82,2025-05-31 11:49:00,USD,0
T06892,W0038,W0088,556588.48,2025-05-31 12:53:00,USD,0
T02634,W0084,W0095,529335.39,2025-05-31 16:44:00,BOND,0
T08534,W0093,W0082,915584.0,2025-05-31 08:50:29,BOND,1
T07893,W0071,W0037,1080836.22,2025-05-31 08:50:29,BOND,1
T07559,W0041,W0067,572474.78,2025-05-31 18:05:00,FX,0
T06954,W0053,W0076,496604.33,2025-05-31 11:56:00,USD,0
T04846,W0077,W0041,437897.46,2025-05-31 14:30:00,FX,0
T07488,W0038,W0028,455161.76,2025-05-31 13:51:00,BOND,0
T00043,W0082,W0072,455812.12,2025-05-31 15:20:00,BOND,0
T05635,W0028,W0009,410459.51,2025-05-31 17:22:00,FX,0
T01833,W0019,W0062,332576.78,2025-05-31 17:17:00,FX,0
T06460,W0096,W0044,578191.75,2025-05-31 14:46:00,USD,0
T06451,W0007,W0009,486935.02,2025-05-31 16:08:00,BOND,0
T09495,W0035,W0071,1081514.12,2025-05-31 06:50:29,BOND,1
T05731,W0015,W0045,493703.56,2025-05-31 16:55:00,BOND,0
T01191,W0026,W0028,580039.96,2025-05-31 13:14:00,BOND,0
T02827,W0022,W0056,537904.75,2025-05-31 09:29:00,FX,0
T01982,W0070,W0040,559743.94,2025-05-31 16:09:00,BOND,0
T04199,W0031,W0007,459276.98,2025-05-31 17:48:00,USD,0
T09283,W0017,W0069,990472.39,2025-05-31 07:50:29,USD,1
T09363,W0050,W0073,930724.04,2025-05-31 07:50:29,FX,1
T04525,W0036,W0065,361679.84,2025-05-31 14:32:00,FX,0
T07652,W0028,W0069,1102791.18,2025-05-31 06:50:29,FX,1
T07660,W0077,W0060,1056554.64,2025-05-31 06:50:29,FX,1
T06539,W0030,W0076,505132.68,2025-05-31 10:24:00,USD,0
T04405,W0024,W0048,495817.7,2025-05-31 15:14:00,BOND,0
T07941,W0064,W0068,1162427.71,2025-05-31 06:50:29,BOND,1
T00431,W0011,W0095,521152.28,2025-05-31 11:20:00,USD,0
T06569,W0073,W0086,548799.95,2025-05-31 09:59:00,BOND,0
T05011,W0087,W0051,563644.84,2025-05-31 12:33:00,USD,0
T08119,W0082,W0081,1092901.66,2025-05-31 07:50:29,FX,1
T09708,W0074,W0030,961023.38,2025-05-31 07:50:29,BOND,1
T02234,W0073,W0060,397366.63,2025-05-31 13:35:00,BOND,0
T03244,W0029,W0095,430351.05,2025-05-31 11:05:00,FX,0
T00590,W0036,W0091,500521.88,2025-05-31 13:13:00,USD,0
T01867,W0001,W0004,634585.05,2025-05-31 14:55:00,USD,0
T07771,W0035,W0068,981816.49,2025-05-31 07:50:29,BOND,1
T03538,W0061,W0100,406445.31,2025-05-31 16:34:00,BOND,0
T08284,W0053,W0080,940604.55,2025-05-31 07:50:29,BOND,1
T05043,W0091,W0017,396354.12,2025-05-31 11:30:00,USD,0
T07571,W0087,W0100,437772.35,2025-05-31 12:38:00,FX,0
T05394,W0065,W0048,453191.01,2025-05-31 12:39:00,FX,0
T03448,W0005,W0059,550538.61,2025-05-31 17:56:00,BOND,0
T06029,W0023,W0032,688881.06,2025-05-31 15:18:00,BOND,0
T04742,W0044,W0013,631034.42,2025-05-31 12:13:00,USD,0
T07428,W0088,W0050,460558.03,2025-05-31 12:50:00,USD,0
T07130,W0095,W0019,615247.77,2025-05-31 12:15:00,FX,0
T06900,W0015,W0050,615504.49,2025-05-31 13:17:00,BOND,0
T09642,W0085,W0033,1183516.5,2025-05-31 06:50:29,BOND,1
T05065,W0094,W0091,420465.22,2025-05-31 13:45:00,BOND,0
T05632,W0099,W0098,522880.25,2025-05-31 15:01:00,FX,0
T03372,W0047,W0091,566368.17,2025-05-31 14:19:00,USD,0
T03700,W0055,W0004,573461.3,2025-05-31 16:26:00,FX,0
T08869,W0055,W0094,1141706.39,2025-05-31 06:50:29,USD,1
T09253,W0081,W0078,1079911.42,2025-05-31 08:50:29,FX,1
T01017,W0064,W0028,355500.43,2025-05-31 15:47:00,BOND,0
T06912,W0041,W0006,430178.95,2025-05-31 16:32:00,FX,0
T01713,W0078,W0033,528249.53,2025-05-31 17:36:00,USD,0
T09599,W0088,W0086,1191477.85,2025-05-31 07:50:29,USD,1
T05818,W0043,W0045,441669.4,2025-05-31 09:14:00,BOND,0
T02000,W0004,W0044,569622.51,2025-05-31 12:53:00,USD,0
T08137,W0011,W0066,941728.77,2025-05-31 07:50:29,USD,1
T08290,W0082,W0041,949178.33,2025-05-31 08:50:29,USD,1
T01969,W0085,W0053,514198.92,2025-05-31 15:42:00,USD,0
T03426,W0052,W0038,417559.81,2025-05-31 11:59:00,USD,0
T00321,W0048,W0091,526764.58,2025-05-31 12:45:00,USD,0
T03597,W0074,W0016,515746.95,2025-05-31 13:56:00,FX,0
T01882,W0074,W0017,698099.43,2025-05-31 16:01:00,FX,0
T06015,W0016,W0090,513280.42,2025-05-31 17:05:00,USD,0
T03813,W0100,W0053,499121.74,2025-05-31 13:13:00,USD,0
T03556,W0082,W0067,424133.23,2025-05-31 15:39:00,USD,0
T08871,W0046,W0082,1093876.62,2025-05-31 06:50:29,BOND,1
T00368,W0041,W0075,448165.1,2025-05-31 14:27:00,BOND,0
T00349,W0095,W0045,554683.17,2025-05-31 09:12:00,BOND,0
T02860,W0100,W0065,452256.9,2025-05-31 17:13:00,USD,0
T03020,W0082,W0092,409983.39,2025-05-31 14:36:00,USD,0
T08199,W0075,W0033,999085.39,2025-05-31 08:50:29,BOND,1
T00330,W0028,W0091,483291.31,2025-05-31 13:48:00,USD,0
T03790,W0079,W0092,763033.73,2025-05-31 11:59:00,FX,0
T03900,W0055,W0023,513179.81,2025-05-31 18:41:00,FX,0
T08418,W0064,W0071,958945.22,2025-05-31 06:50:29,BOND,1
T06779,W0095,W0021,540065.2,2025-05-31 14:41:00,FX,0
T02423,W0055,W0062,518996.7,2025-05-31 09:26:00,BOND,0
T01180,W0064,W0036,594484.83,2025-05-31 11:03:00,FX,0
T03263,W0043,W0054,512862.68,2025-05-31 12:29:00,FX,0
T06809,W0092,W0061,573637.74,2025-05-31 17:23:00,USD,0
T02534,W0024,W0079,670617.78,2025-05-31 14:13:00,USD,0
T09524,W0037,W0066,994863.7,2025-05-31 07:50:29,USD,1
T09087,W0012,W0048,1197457.97,2025-05-31 06:50:29,FX,1
T01192,W0004,W0002,460726.58,2025-05-31 09:47:00,BOND,0
T02370,W0024,W0008,707684.61,2025-05-31 14:27:00,BOND,0
T03101,W0015,W0097,579912.61,2025-05-31 09:16:00,FX,0
T01923,W0088,W0074,446411.58,2025-05-31 09:31:00,FX,0
T07520,W0080,W0047,381419.91,2025-05-31 09:10:00,USD,0
T05554,W0017,W0020,525701.8,2025-05-31 15:53:00,USD,0
T07720,W0027,W0025,955804.7,2025-05-31 06:50:29,BOND,1
T00915,W0100,W0066,602480.09,2025-05-31 11:09:00,USD,0
T05808,W0078,W0018,565941.06,2025-05-31 11:17:00,BOND,0
T00527,W0047,W0006,509191.38,2025-05-31 17:07:00,FX,0
T07806,W0062,W0054,969143.71,2025-05-31 08:50:29,BOND,1
T04790,W0057,W0042,473325.28,2025-05-31 18:32:00,BOND,0
T03356,W0025,W0094,568365.35,2025-05-31 10:52:00,USD,0
T05458,W0022,W0006,537169.08,2025-05-31 10:05:00,BOND,0
T00101,W0030,W0081,502774.47,2025-05-31 16:56:00,FX,0
T06533,W0051,W0013,559009.53,2025-05-31 10:35:00,FX,0
T00222,W0009,W0019,376959.72,2025-05-31 17:09:00,FX,0
T02662,W0057,W0047,438767.27,2025-05-31 11:49:00,FX,0
T05412,W0099,W0002,477636.95,2025-05-31 16:48:00,BOND,0
T09579,W0096,W0056,1058488.03,2025-05-31 08:50:29,BOND,1
T01339,W0041,W0071,409307.42,2025-05-31 17:35:00,USD,0
T08228,W0057,W0042,946464.61,2025-05-31 08:50:29,BOND,1
T05998,W0016,W0007,550412.47,2025-05-31 17:18:00,FX,0
T09977,W0015,W0023,1081664.65,2025-05-31 06:50:29,BOND,1
T08742,W0072,W0031,1178656.4,2025-05-31 08:50:29,FX,1
T04913,W0057,W0047,640042.1,2025-05-31 10:16:00,FX,0
T08611,W0059,W0059,933833.94,2025-05-31 08:50:29,BOND,1
T05204,W0054,W0032,522936.04,2025-05-31 14:07:00,USD,0
T06275,W0069,W0058,541450.47,2025-05-31 17:26:00,BOND,0
T02846,W0088,W0005,475246.02,2025-05-31 16:23:00,BOND,0
T02056,W0012,W0036,487160.8,2025-05-31 11:21:00,USD,0
T03892,W0001,W0080,463191.47,2025-05-31 17:09:00,FX,0
T08178,W0061,W0039,926435.29,2025-05-31 08:50:29,FX,1
T07593,W0041,W0090,498003.48,2025-05-31 11:47:00,FX,0
T04316,W0062,W0073,413256.1,2025-05-31 15:19:00,BOND,0
T02123,W0040,W0013,437925.87,2025-05-31 18:53:00,USD,0
T01747,W0026,W0099,603762.39,2025-05-31 12:05:00,USD,0
T02257,W0087,W0012,535043.9,2025-05-31 15:30:00,FX,0
T00959,W0029,W0046,397223.92,2025-05-31 09:20:00,USD,0
T03989,W0048,W0021,556520.67,2025-05-31 18:48:00,USD,0
T01872,W0023,W0090,647012.71,2025-05-31 09:55:00,USD,0
T05194,W0023,W0079,497171.94,2025-05-31 16:43:00,BOND,0
T04282,W0067,W0024,363519.94,2025-05-31 11:00:00,USD,0
T02024,W0012,W0068,484511.13,2025-05-31 11:29:00,FX,0
T08906,W0022,W0080,1034946.45,2025-05-31 07:50:29,FX,1
T07542,W0016,W0086,766067.64,2025-05-31 13:36:00,FX,0
T05534,W0004,W0088,566596.28,2025-05-31 17:05:00,BOND,0
T01879,W0011,W0073,554386.78,2025-05-31 10:47:00,BOND,0
T09335,W0017,W0085,1152730.69,2025-05-31 08:50:29,BOND,1
T08118,W0055,W0076,1142296.59,2025-05-31 08:50:29,FX,1
T04350,W0054,W0014,668063.3,2025-05-31 15:30:00,USD,0
T01755,W0029,W0089,520972.33,2025-05-31 17:56:00,FX,0
T04516,W0045,W0038,330339.47,2025-05-31 10:00:00,USD,0
T00366,W0040,W0012,538581.41,2025-05-31 17:53:00,BOND,0
T09401,W0057,W0062,1029143.87,2025-05-31 06:50:29,FX,1
T09850,W0080,W0057,1134393.73,2025-05-31 06:50:29,FX,1
T04252,W0080,W0051,527688.37,2025-05-31 15:13:00,BOND,0
T04549,W0018,W0047,417962.94,2025-05-31 11:19:00,FX,0
T00572,W0095,W0053,511375.82,2025-05-31 10:39:00,USD,0
T08201,W0023,W0087,1166175.68,2025-05-31 06:50:29,USD,1
T00545,W0021,W0048,470271.37,2025-05-31 09:30:00,USD,0
T09770,W0070,W0082,991816.17,2025-05-31 07:50:29,USD,1
T01527,W0034,W0036,503366.94,2025-05-31 11:25:00,FX,0
T07126,W0071,W0060,505445.97,2025-05-31 17:52:00,BOND,0
T02053,W0088,W0086,380391.63,2025-05-31 12:50:00,BOND,0
T04368,W0081,W0069,431032.41,2025-05-31 14:16:00,USD,0
T06977,W0029,W0059,489562.85,2025-05-31 12:25:00,BOND,0
T05627,W0053,W0074,611227.84,2025-05-31 15:13:00,FX,0
T07760,W0080,W0053,992578.52,2025-05-31 06:50:29,FX,1
T00196,W0080,W0009,418749.04,2025-05-31 14:55:00,USD,0
T05641,W0048,W0052,640894.6,2025-05-31 17:24:00,USD,0
T06010,W0062,W0028,577974.98,2025-05-31 14:31:00,BOND,0
T07900,W0040,W0042,1163809.74,2025-05-31 07:50:29,BOND,1
T00448,W0081,W0056,516325.52,2025-05-31 14:10:00,BOND,0
T08967,W0052,W0091,1036097.59,2025-05-31 08:50:29,USD,1
T09134,W0062,W0030,1089218.69,2025-05-31 06:50:29,FX,1
T06289,W0080,W0031,399956.58,2025-05-31 16:42:00,USD,0
T09982,W0090,W0058,1109979.08,2025-05-31 08:50:29,BOND,1
T05617,W0013,W0045,324300.65,2025-05-31 09:53:00,FX,0
T05485,W0089,W0073,519421.62,2025-05-31 10:14:00,BOND,0
T09482,W0024,W0059,1159994.4,2025-05-31 07:50:29,BOND,1
T05648,W0050,W0014,578372.79,2025-05-31 12:02:00,BOND,0
T07465,W0027,W0053,387162.17,2025-05-31 13:23:00,BOND,0
T06207,W0097,W0046,536779.88,2025-05-31 09:19:00,BOND,0
T09500,W0039,W0044,1151944.29,2025-05-31 07:50:29,BOND,1
T08339,W0092,W0003,1160673.2,2025-05-31 06:50:29,USD,1
T00433,W0002,W0083,565676.05,2025-05-31 18:59:00,FX,0
T07344,W0045,W0067,320056.45,2025-05-31 11:52:00,BOND,0
T01242,W0008,W0028,463157.37,2025-05-31 09:46:00,BOND,0
T07151,W0085,W0046,430454.24,2025-05-31 16:42:00,USD,0
T00954,W0080,W0044,495873.64,2025-05-31 16:40:00,BOND,0
T05949,W0010,W0003,351280.42,2025-05-31 18:30:00,FX,0
T02488,W0017,W0022,453332.56,2025-05-31 16:20:00,USD,0
T00323,W0093,W0022,412685.72,2025-05-31 17:19:00,USD,0
T09841,W0079,W0068,1082165.11,2025-05-31 07:50:29,USD,1
T00334,W0017,W0019,493984.44,2025-05-31 13:22:00,BOND,0
T06766,W0033,W0031,442520.44,2025-05-31 15:51:00,BOND,0
T02340,W0050,W0083,453991.63,2025-05-31 11:52:00,BOND,0
T08519,W0004,W0097,1065703.36,2025-05-31 07:50:29,BOND,1
T09866,W0061,W0077,996391.94,2025-05-31 06:50:29,USD,1
T06178,W0044,W0061,502631.59,2025-05-31 09:57:00,BOND,0
T05313,W0095,W0021,363127.86,2025-05-31 11:42:00,BOND,0
T09366,W0054,W0052,1116722.88,2025-05-31 08:50:29,USD,1
T00370,W0020,W0088,546613.96,2025-05-31 13:25:00,USD,0
T09611,W0049,W0078,1081997.01,2025-05-31 06:50:29,FX,1
T01061,W0002,W0091,405776.98,2025-05-31 13:58:00,USD,0
T01956,W0043,W0054,297758.23,2025-05-31 11:25:00,FX,0
T00661,W0042,W0051,453069.89,2025-05-31 18:24:00,BOND,0
T03162,W0080,W0033,482527.24,2025-05-31 11:02:00,USD,0
T07934,W0038,W0002,1124079.77,2025-05-31 06:50:29,FX,1
T05221,W0015,W0079,436000.25,2025-05-31 15:01:00,BOND,0
T00299,W0044,W0053,581545.01,2025-05-31 12:52:00,BOND,0
T06759,W0043,W0005,539501.25,2025-05-31 11:31:00,FX,0
T07050,W0049,W0050,310695.56,2025-05-31 18:38:00,USD,0
T00594,W0007,W0003,400964.05,2025-05-31 15:19:00,FX,0
T07605,W0099,W0050,503318.71,2025-05-31 18:47:00,FX,0
T05946,W0044,W0063,545571.21,2025-05-31 17:10:00,USD,0
T00819,W0072,W0034,413651.38,2025-05-31 18:03:00,FX,0
T01679,W0090,W0083,519805.25,2025-05-31 12:47:00,BOND,0
T04717,W0032,W0059,599892.02,2025-05-31 12:57:00,BOND,0
T05783,W0082,W0076,557192.26,2025-05-31 11:12:00,USD,0
T03557,W0054,W0021,396337.26,2025-05-31 16:24:00,USD,0
T00687,W0023,W0033,373794.51,2025-05-31 14:20:00,FX,0
T05045,W0039,W0060,517252.02,2025-05-31 12:14:00,FX,0
T07909,W0063,W0041,1068855.35,2025-05-31 07:50:29,FX,1
T06399,W0053,W0025,497007.46,2025-05-31 16:15:00,USD,0
T00373,W0099,W0051,321745.48,2025-05-31 15:28:00,USD,0
T03786,W0046,W0053,674942.26,2025-05-31 17:43:00,USD,0
T09976,W0018,W0016,918361.05,2025-05-31 07:50:29,FX,1
T08452,W0099,W0022,1084395.14,2025-05-31 08:50:29,USD,1
T07728,W0084,W0025,980405.5,2025-05-31 07:50:29,FX,1
T00403,W0053,W0014,525744.64,2025-05-31 15:24:00,USD,0
T02660,W0035,W0091,560089.31,2025-05-31 10:34:00,BOND,0
T03907,W0024,W0053,532985.08,2025-05-31 16:20:00,USD,0
T00441,W0084,W0099,522641.9,2025-05-31 13:43:00,FX,0
T03355,W0082,W0098,629466.61,2025-05-31 17:10:00,FX,0
T06933,W0060,W0091,436316.91,2025-05-31 12:22:00,BOND,0
T05352,W0044,W0090,531134.43,2025-05-31 18:54:00,FX,0
T08526,W0047,W0051,1027505.3,2025-05-31 06:50:29,USD,1
T09374,W0027,W0089,1026734.24,2025-05-31 08:50:29,BOND,1
T08261,W0083,W0067,1160383.9,2025-05-31 07:50:29,USD,1
T08687,W0015,W0098,1145974.94,2025-05-31 08:50:29,BOND,1
T01710,W0092,W0059,418989.51,2025-05-31 13:42:00,FX,0
T00499,W0043,W0072,468466.97,2025-05-31 13:42:00,USD,0
T09444,W0007,W0084,1028324.14,2025-05-31 07:50:29,BOND,1
T03669,W0018,W0074,374629.47,2025-05-31 09:44:00,USD,0
T09302,W0042,W0094,922190.41,2025-05-31 07:50:29,FX,1
T07040,W0004,W0055,391478.07,2025-05-31 14:17:00,USD,0
T01786,W0011,W0015,461995.44,2025-05-31 16:50:00,USD,0
T06651,W0044,W0061,341002.59,2025-05-31 13:29:00,USD,0
T03806,W0043,W0058,512680.77,2025-05-31 14:57:00,USD,0
T01695,W0059,W0030,647802.41,2025-05-31 14:08:00,USD,0
T09590,W0084,W0068,1034730.8,2025-05-31 07:50:29,FX,1
T02214,W0028,W0020,504957.96,2025-05-31 10:58:00,BOND,0
T06214,W0097,W0057,374788.85,2025-05-31 12:34:00,BOND,0
T04537,W0064,W0016,566208.78,2025-05-31 17:04:00,USD,0
T06564,W0094,W0071,416614.47,2025-05-31 09:44:00,USD,0
T08506,W0077,W0036,939561.79,2025-05-31 06:50:29,BOND,1
T02182,W0039,W0091,441349.29,2025-05-31 11:33:00,BOND,0
T07415,W0002,W0053,671575.83,2025-05-31 17:35:00,FX,0
T08651,W0004,W0041,1134238.83,2025-05-31 08:50:29,USD,1
T06203,W0024,W0094,379168.53,2025-05-31 13:08:00,BOND,0
T05133,W0044,W0069,535716.06,2025-05-31 11:10:00,FX,0
T06695,W0018,W0071,552720.87,2025-05-31 11:23:00,FX,0
T03848,W0003,W0057,506523.14,2025-05-31 14:19:00,USD,0
T07196,W0082,W0001,526758.96,2025-05-31 09:57:00,FX,0
T06985,W0091,W0060,467703.1,2025-05-31 19:00:00,USD,0
T01540,W0036,W0003,459165.35,2025-05-31 17:44:00,FX,0
T09216,W0064,W0009,1121767.39,2025-05-31 07:50:29,BOND,1
T04004,W0088,W0076,395539.16,2025-05-31 11:54:00,FX,0
T02185,W0096,W0077,507942.47,2025-05-31 10:30:00,FX,0
T00126,W0084,W0013,468019.28,2025-05-31 17:22:00,BOND,0
T07864,W0042,W0094,930253.37,2025-05-31 06:50:29,FX,1
T04876,W0044,W0080,527165.11,2025-05-31 11:51:00,FX,0
T04264,W0057,W0031,574609.12,2025-05-31 18:50:00,BOND,0
T08025,W0037,W0006,1068735.49,2025-05-31 08:50:29,FX,1
T07094,W0086,W0072,517816.61,2025-05-31 15:12:00,USD,0
T03420,W0010,W0090,543004.36,2025-05-31 17:17:00,BOND,0
T01356,W0099,W0008,357276.14,2025-05-31 17:34:00,USD,0
T08351,W0044,W0082,1180683.06,2025-05-31 06:50:29,FX,1
T01394,W0087,W0056,470074.53,2025-05-31 12:58:00,USD,0
T09454,W0077,W0053,996174.88,2025-05-31 08:50:29,USD,1
T07079,W0028,W0049,475904.84,2025-05-31 16:49:00,USD,0
T05925,W0054,W0036,468270.74,2025-05-31 11:39:00,BOND,0
T04847,W0018,W0070,598862.18,2025-05-31 17:34:00,BOND,0
T02128,W0051,W0023,496712.08,2025-05-31 12:53:00,USD,0
T05607,W0020,W0007,553694.76,2025-05-31 15:39:00,USD,0
T09040,W0086,W0032,1176508.18,2025-05-31 08:50:29,FX,1
T09671,W0094,W0036,1030246.39,2025-05-31 07:50:29,BOND,1
T08231,W0035,W0006,1094399.04,2025-05-31 07:50:29,BOND,1
T02873,W0009,W0002,570302.59,2025-05-31 11:02:00,FX,0
T00541,W0043,W0087,501773.24,2025-05-31 11:17:00,FX,0
T00707,W0003,W0016,576102.47,2025-05-31 17:46:00,USD,0
T09606,W0077,W0053,1101777.99,2025-05-31 08:50:29,FX,1
T02287,W0060,W0083,576671.23,2025-05-31 10:13:00,FX,0
T06189,W0014,W0037,367192.9,2025-05-31 09:46:00,USD,0
T08156,W0019,W0076,1125017.78,2025-05-31 07:50:29,FX,1
T03477,W0001,W0042,478462.77,2025-05-31 13:49:00,BOND,0
T01105,W0016,W0020,672417.88,2025-05-31 13:23:00,BOND,0
T03542,W0027,W0055,520746.14,2025-05-31 16:26:00,BOND,0
T01704,W0070,W0072,672292.62,2025-05-31 10:02:00,FX,0
T09696,W0027,W0016,1037529.56,2025-05-31 07:50:29,USD,1
T03672,W0040,W0047,488109.14,2025-05-31 13:27:00,USD,0
T09194,W0031,W0027,1012647.68,2025-05-31 08:50:29,USD,1
T06350,W0088,W0069,512369.39,2025-05-31 14:48:00,FX,0
T06521,W0062,W0001,474075.16,2025-05-31 10:02:00,BOND,0
T03938,W0050,W0071,453097.84,2025-05-31 10:24:00,FX,0
T07083,W0057,W0052,457484.64,2025-05-31 13:12:00,FX,0
T01066,W0046,W0081,361089.06,2025-05-31 13:38:00,BOND,0
T02616,W0061,W0061,455623.85,2025-05-31 12:42:00,FX,0
T02509,W0063,W0047,394502.16,2025-05-31 18:59:00,BOND,0
T08006,W0058,W0063,1084236.56,2025-05-31 07:50:29,BOND,1
T00429,W0016,W0033,582310.84,2025-05-31 11:58:00,FX,0
T04010,W0098,W0077,528857.01,2025-05-31 15:11:00,USD,0
T00111,W0097,W0089,622916.17,2025-05-31 18:44:00,BOND,0
T03095,W0065,W0043,548656.91,2025-05-31 16:08:00,BOND,0
T09581,W0079,W0070,998961.79,2025-05-31 06:50:29,FX,1
T06885,W0100,W0095,456528.66,2025-05-31 10:58:00,USD,0
T05082,W0070,W0091,573697.55,2025-05-31 18:31:00,USD,0
T07049,W0024,W0070,516396.35,2025-05-31 09:12:00,FX,0
T04935,W0069,W0011,473655.81,2025-05-31 14:41:00,FX,0
T04185,W0031,W0061,397782.19,2025-05-31 15:29:00,FX,0
T01539,W0033,W0081,555767.58,2025-05-31 15:42:00,BOND,0
T07014,W0065,W0046,459773.39,2025-05-31 17:45:00,BOND,0
T04966,W0035,W0095,470214.46,2025-05-31 18:10:00,USD,0
T01688,W0065,W0096,465590.82,2025-05-31 14:07:00,FX,0
T01614,W0083,W0094,523626.81,2025-05-31 12:00:00,USD,0
T04765,W0012,W0092,531470.51,2025-05-31 12:24:00,FX,0
T03581,W0100,W0039,547402.41,2025-05-31 09:06:00,BOND,0
T03719,W0009,W0093,424571.87,2025-05-31 13:30:00,BOND,0
T09376,W0069,W0055,1058989.83,2025-05-31 08:50:29,BOND,1
T03476,W0021,W0038,426679.37,2025-05-31 12:57:00,USD,0
T09497,W0033,W0100,1139064.28,2025-05-31 06:50:29,FX,1
T05704,W0005,W0021,430887.71,2025-05-31 09:22:00,USD,0
T05073,W0026,W0073,426847.83,2025-05-31 16:57:00,BOND,0
T02051,W0022,W0092,390124.55,2025-05-31 15:45:00,FX,0
T00712,W0025,W0008,568156.66,2025-05-31 14:03:00,BOND,0
T01908,W0076,W0078,544004.46,2025-05-31 10:12:00,BOND,0
T06957,W0002,W0098,556400.38,2025-05-31 09:42:00,USD,0
T09694,W0025,W0083,1130770.52,2025-05-31 06:50:29,BOND,1
T08658,W0004,W0049,1001003.41,2025-05-31 07:50:29,USD,1
T07175,W0008,W0083,481828.23,2025-05-31 13:18:00,FX,0
T04602,W0031,W0014,643501.26,2025-05-31 14:52:00,FX,0
T01245,W0030,W0059,355171.51,2025-05-31 14:16:00,USD,0
T06248,W0036,W0098,521217.72,2025-05-31 13:44:00,FX,0
T08707,W0018,W0042,974191.72,2025-05-31 08:50:29,FX,1
T08634,W0030,W0061,1128374.78,2025-05-31 07:50:29,FX,1
T07734,W0048,W0071,997010.73,2025-05-31 08:50:29,FX,1
T09390,W0098,W0021,974636.92,2025-05-31 06:50:29,FX,1
T07214,W0083,W0079,427996.44,2025-05-31 18:47:00,USD,0
T08890,W0031,W0069,989457.42,2025-05-31 07:50:29,FX,1
T01298,W0055,W0018,499321.81,2025-05-31 18:26:00,FX,0
T07412,W0041,W0009,571525.15,2025-05-31 13:29:00,FX,0
T03710,W0046,W0024,622763.15,2025-05-31 14:05:00,BOND,0
T02192,W0069,W0073,546340.05,2025-05-31 13:40:00,USD,0
T00554,W0067,W0093,514745.4,2025-05-31 18:09:00,BOND,0
T08324,W0093,W0021,943222.45,2025-05-31 06:50:29,USD,1
T08683,W0027,W0038,922633.77,2025-05-31 06:50:29,FX,1
T09074,W0078,W0082,1005304.27,2025-05-31 06:50:29,BOND,1
T09559,W0042,W0030,1041165.13,2025-05-31 06:50:29,BOND,1
T05829,W0100,W0055,663852.51,2025-05-31 11:57:00,USD,0
T06524,W0066,W0027,494879.21,2025-05-31 10:47:00,BOND,0
T00559,W0025,W0009,485058.61,2025-05-31 13:50:00,BOND,0
T00159,W0089,W0022,387095.27,2025-05-31 16:01:00,USD,0
T06268,W0073,W0066,392977.71,2025-05-31 11:52:00,BOND,0
T05891,W0058,W0025,764045.56,2025-05-31 13:48:00,BOND,0
T09213,W0010,W0083,1182982.44,2025-05-31 08:50:29,USD,1
T06296,W0045,W0003,412115.36,2025-05-31 17:54:00,BOND,0
T04079,W0051,W0014,411526.43,2025-05-31 11:20:00,FX,0
T04970,W0029,W0044,572477.77,2025-05-31 10:15:00,FX,0
T05834,W0093,W0075,550815.54,2025-05-31 11:25:00,BOND,0
T01990,W0019,W0090,528214.99,2025-05-31 14:08:00,FX,0
T05003,W0042,W0070,573699.75,2025-05-31 15:26:00,BOND,0
T06111,W0034,W0099,472540.97,2025-05-31 14:31:00,BOND,0
T01546,W0059,W0052,604753.18,2025-05-31 16:27:00,USD,0
T01875,W0071,W0011,444736.34,2025-05-31 11:57:00,BOND,0
T01891,W0028,W0080,538263.07,2025-05-31 17:40:00,BOND,0
T03868,W0004,W0082,481925.97,2025-05-31 12:49:00,BOND,0
T07134,W0084,W0077,616492.75,2025-05-31 15:36:00,FX,0
T05952,W0043,W0066,605630.42,2025-05-31 09:43:00,BOND,0
T06426,W0002,W0088,435714.38,2025-05-31 14:18:00,FX,0
T04068,W0059,W0033,375349.62,2025-05-31 12:46:00,USD,0
T08114,W0009,W0049,960682.29,2025-05-31 06:50:29,FX,1
T06226,W0089,W0089,309388.62,2025-05-31 09:13:00,BOND,0
T08728,W0014,W0008,1003935.7,2025-05-31 08:50:29,USD,1
T07360,W0052,W0010,512062.11,2025-05-31 09:20:00,FX,0
T07676,W0078,W0019,985695.12,2025-05-31 07:50:29,FX,1
T01379,W0042,W0033,582687.87,2025-05-31 18:17:00,USD,0
T06107,W0079,W0028,510137.34,2025-05-31 10:45:00,BOND,0
T03496,W0036,W0038,510892.53,2025-05-31 18:16:00,BOND,0
T04930,W0088,W0049,468921.0,2025-05-31 18:31:00,BOND,0
T05444,W0014,W0052,617682.84,2025-05-31 12:04:00,FX,0
T03507,W0030,W0081,565973.74,2025-05-31 10:53:00,USD,0
T01739,W0069,W0065,467068.38,2025-05-31 10:31:00,USD,0
T00291,W0084,W0076,473585.85,2025-05-31 17:22:00,FX,0
T05030,W0008,W0083,450312.18,2025-05-31 09:30:00,USD,0
T07773,W0073,W0047,1195458.72,2025-05-31 06:50:29,FX,1
T06085,W0010,W0009,505636.56,2025-05-31 13:13:00,USD,0
T06925,W0042,W0088,337317.46,2025-05-31 14:40:00,FX,0
T00742,W0079,W0047,440441.85,2025-05-31 14:19:00,USD,0
T07387,W0084,W0062,576954.92,2025-05-31 14:07:00,USD,0
T09515,W0061,W0054,970283.72,2025-05-31 06:50:29,BOND,1
T08223,W0051,W0002,946590.64,2025-05-31 08:50:29,BOND,1
T00588,W0041,W0043,655428.46,2025-05-31 12:08:00,USD,0
T03368,W0023,W0073,575010.85,2025-05-31 10:01:00,USD,0
T07906,W0058,W0051,933563.76,2025-05-31 08:50:29,FX,1
T07414,W0067,W0029,673671.9,2025-05-31 15:55:00,USD,0
T03275,W0061,W0091,610703.16,2025-05-31 11:45:00,USD,0
T06284,W0006,W0065,570732.98,2025-05-31 18:14:00,FX,0
T03464,W0083,W0090,550407.96,2025-05-31 16:44:00,USD,0
T04915,W0096,W0034,498048.87,2025-05-31 15:30:00,FX,0
T05398,W0044,W0006,568544.31,2025-05-31 18:37:00,FX,0
T00501,W0030,W0031,594215.15,2025-05-31 15:21:00,BOND,0
T05162,W0011,W0041,561794.46,2025-05-31 16:31:00,BOND,0
T01393,W0026,W0036,538011.48,2025-05-31 11:09:00,USD,0
T03412,W0032,W0015,332386.4,2025-05-31 14:45:00,BOND,0
T02874,W0052,W0026,530563.38,2025-05-31 10:49:00,BOND,0
T01078,W0012,W0014,291050.97,2025-05-31 13:19:00,BOND,0
T00245,W0082,W0039,513944.56,2025-05-31 14:18:00,BOND,0
T02461,W0082,W0051,495710.55,2025-05-31 12:42:00,USD,0
T04120,W0050,W0082,501011.84,2025-05-31 09:47:00,BOND,0
T07972,W0003,W0047,1194262.9,2025-05-31 08:50:29,FX,1
T07044,W0050,W0009,480550.28,2025-05-31 15:17:00,FX,0
T06969,W0069,W0070,614222.24,2025-05-31 14:20:00,FX,0
T03290,W0066,W0069,501184.59,2025-05-31 11:30:00,USD,0
T08215,W0033,W0059,1154060.02,2025-05-31 07:50:29,USD,1
T08153,W0037,W0024,1069128.33,2025-05-31 07:50:29,BOND,1
T08008,W0018,W0004,1129262.64,2025-05-31 07:50:29,USD,1
T08602,W0098,W0028,1039543.84,2025-05-31 06:50:29,FX,1
T00236,W0074,W0064,420512.52,2025-05-31 14:59:00,FX,0
T03478,W0034,W0039,533362.11,2025-05-31 17:38:00,FX,0
T08323,W0085,W0008,990620.04,2025-05-31 08:50:29,USD,1
T06432,W0091,W0045,584917.43,2025-05-31 13:38:00,USD,0
T02466,W0008,W0025,519056.89,2025-05-31 14:02:00,BOND,0
T01038,W0046,W0020,445596.22,2025-05-31 16:48:00,USD,0
T07924,W0075,W0014,942669.57,2025-05-31 06:50:29,USD,1
T04415,W0020,W0005,364557.6,2025-05-31 18:47:00,FX,0
T07531,W0011,W0044,462921.25,2025-05-31 09:41:00,FX,0
T01182,W0092,W0075,383111.33,2025-05-31 13:49:00,USD,0
T06453,W0025,W0029,572678.35,2025-05-31 14:08:00,FX,0
T04792,W0095,W0036,508008.01,2025-05-31 15:14:00,FX,0
T06739,W0027,W0096,452163.26,2025-05-31 12:25:00,BOND,0
T05634,W0024,W0018,641353.07,2025-05-31 15:36:00,USD,0
T00898,W0079,W0096,436444.83,2025-05-31 10:27:00,BOND,0
T03481,W0087,W0049,454343.22,2025-05-31 16:24:00,FX,0
T08282,W0039,W0026,1172418.53,2025-05-31 07:50:29,USD,1
T04941,W0032,W0090,411606.29,2025-05-31 11:48:00,FX,0
T02960,W0034,W0094,382801.98,2025-05-31 17:56:00,BOND,0
T04688,W0041,W0009,429035.05,2025-05-31 18:46:00,BOND,0
T02966,W0096,W0085,466622.31,2025-05-31 12:14:00,BOND,0
T05428,W0036,W0015,470954.67,2025-05-31 18:05:00,FX,0
T07731,W0012,W0083,1107638.82,2025-05-31 06:50:29,BOND,1
T00367,W0032,W0085,425011.75,2025-05-31 15:40:00,FX,0
T09373,W0055,W0003,944504.63,2025-05-31 08:50:29,FX,1
T06398,W0037,W0088,529024.67,2025-05-31 12:47:00,FX,0
T03611,W0039,W0093,471334.95,2025-05-31 15:32:00,USD,0
T01685,W0022,W0077,338214.21,2025-05-31 10:19:00,BOND,0
T03503,W0080,W0060,489555.31,2025-05-31 16:52:00,USD,0
T00635,W0063,W0023,737611.01,2025-05-31 18:23:00,FX,0
T00270,W0092,W0060,495679.75,2025-05-31 17:31:00,USD,0
T02582,W0024,W0056,467843.06,2025-05-31 10:03:00,FX,0
T02879,W0062,W0043,641657.21,2025-05-31 10:10:00,FX,0
T04132,W0060,W0031,575857.33,2025-05-31 17:18:00,BOND,0
T06473,W0095,W0035,515623.87,2025-05-31 16:09:00,USD,0
T01807,W0016,W0092,342813.07,2025-05-31 10:27:00,FX,0
T06981,W0087,W0091,571797.99,2025-05-31 18:14:00,FX,0
T07340,W0013,W0035,447377.88,2025-05-31 12:03:00,BOND,0
T06835,W0098,W0057,503618.02,2025-05-31 11:06:00,BOND,0
T08126,W0038,W0034,984139.87,2025-05-31 07:50:29,USD,1
T03942,W0075,W0052,505758.5,2025-05-31 14:59:00,USD,0
T00828,W0017,W0028,473408.16,2025-05-31 15:29:00,FX,0
T07010,W0047,W0064,508431.57,2025-05-31 17:21:00,BOND,0
T03918,W0045,W0018,432495.79,2025-05-31 15:06:00,BOND,0
T09382,W0070,W0086,1062851.2,2025-05-31 08:50:29,BOND,1
T07875,W0015,W0091,1137789.46,2025-05-31 08:50:29,BOND,1
T05840,W0075,W0061,453626.19,2025-05-31 15:11:00,USD,0
T02139,W0095,W0083,579420.28,2025-05-31 13:57:00,FX,0
T03342,W0029,W0100,351302.85,2025-05-31 14:41:00,USD,0
T01810,W0085,W0010,511557.39,2025-05-31 09:31:00,FX,0
T06942,W0054,W0061,571054.53,2025-05-31 11:47:00,USD,0
T01428,W0001,W0053,446653.6,2025-05-31 15:06:00,BOND,0
T09391,W0072,W0023,1035347.19,2025-05-31 08:50:29,FX,1
T09185,W0096,W0077,1103513.71,2025-05-31 06:50:29,BOND,1
T09460,W0097,W0067,1113096.15,2025-05-31 08:50:29,FX,1
T08177,W0061,W0021,1139934.18,2025-05-31 08:50:29,FX,1
T03446,W0008,W0073,560059.75,2025-05-31 14:28:00,USD,0
T04291,W0007,W0051,652270.28,2025-05-31 15:06:00,USD,0
T04285,W0045,W0054,426725.76,2025-05-31 18:26:00,FX,0
T06747,W0073,W0030,431876.01,2025-05-31 15:18:00,USD,0
T08630,W0018,W0066,1083265.06,2025-05-31 07:50:29,USD,1
T07964,W0084,W0055,1155368.25,2025-05-31 08:50:29,USD,1
T00275,W0046,W0061,599466.1,2025-05-31 14:01:00,USD,0
T00487,W0020,W0012,466301.29,2025-05-31 18:57:00,FX,0
T09268,W0031,W0010,1040019.9,2025-05-31 07:50:29,USD,1
T03264,W0064,W0075,491635.45,2025-05-31 09:20:00,FX,0
T00750,W0061,W0040,500027.6,2025-05-31 15:32:00,USD,0
T03440,W0060,W0092,483848.05,2025-05-31 14:55:00,FX,0
T07872,W0067,W0008,1010110.32,2025-05-31 06:50:29,FX,1
T03834,W0041,W0075,581270.48,2025-05-31 10:07:00,USD,0
T03017,W0036,W0029,499628.4,2025-05-31 10:32:00,FX,0
T08603,W0078,W0070,953065.36,2025-05-31 06:50:29,USD,1
T01269,W0033,W0036,479193.1,2025-05-31 13:12:00,USD,0
T02558,W0021,W0054,538117.94,2025-05-31 11:59:00,USD,0
T00956,W0052,W0023,427562.48,2025-05-31 12:15:00,FX,0
T03058,W0022,W0023,494612.96,2025-05-31 14:48:00,BOND,0
T05945,W0060,W0065,481385.22,2025-05-31 14:54:00,BOND,0
T08415,W0086,W0048,1009588.18,2025-05-31 07:50:29,BOND,1
T01158,W0028,W0009,421030.76,2025-05-31 10:48:00,USD,0
T06416,W0031,W0051,511886.86,2025-05-31 18:30:00,FX,0
T05316,W0078,W0069,506180.24,2025-05-31 16:05:00,USD,0
T05859,W0006,W0065,528372.03,2025-05-31 09:28:00,USD,0
T06756,W0013,W0003,496525.32,2025-05-31 17:01:00,USD,0
T02840,W0053,W0023,595484.33,2025-05-31 16:28:00,FX,0
T08017,W0066,W0022,1002112.97,2025-05-31 07:50:29,FX,1
T03362,W0016,W0049,555265.2,2025-05-31 14:18:00,BOND,0
T05912,W0025,W0006,468416.81,2025-05-31 13:52:00,FX,0
T08971,W0091,W0070,1147111.62,2025-05-31 06:50:29,BOND,1
T07011,W0043,W0097,515497.79,2025-05-31 18:02:00,FX,0
T09532,W0019,W0023,1098947.02,2025-05-31 07:50:29,FX,1
T05853,W0061,W0014,540459.02,2025-05-31 17:58:00,BOND,0
T00443,W0045,W0015,265557.48,2025-05-31 12:42:00,BOND,0
T02410,W0042,W0083,407091.86,2025-05-31 09:50:00,USD,0
T06464,W0038,W0067,653625.89,2025-05-31 12:45:00,BOND,0
T02962,W0001,W0031,481255.68,2025-05-31 11:23:00,USD,0
T03139,W0088,W0019,513855.34,2025-05-31 18:50:00,BOND,0
T03067,W0020,W0047,627179.17,2025-05-31 14:17:00,FX,0
T06944,W0086,W0011,444546.93,2025-05-31 15:09:00,FX,0
T00031,W0038,W0047,497401.48,2025-05-31 18:51:00,BOND,0
T04457,W0058,W0031,430078.2,2025-05-31 09:08:00,FX,0
T00890,W0050,W0015,536956.26,2025-05-31 14:33:00,FX,0
T00390,W0090,W0039,527197.18,2025-05-31 13:18:00,BOND,0
T01292,W0037,W0034,491688.85,2025-05-31 13:39:00,USD,0
T09494,W0062,W0046,1051723.97,2025-05-31 07:50:29,FX,1
T00203,W0082,W0089,310640.46,2025-05-31 17:55:00,USD,0
T03310,W0036,W0001,399777.12,2025-05-31 09:04:00,USD,0
T01449,W0062,W0014,502733.04,2025-05-31 11:23:00,FX,0
T05099,W0033,W0049,555368.02,2025-05-31 13:28:00,FX,0
T06393,W0034,W0093,487884.12,2025-05-31 12:32:00,BOND,0
T00581,W0040,W0064,613764.4,2025-05-31 09:23:00,BOND,0
T06035,W0064,W0043,415538.2,2025-05-31 10:27:00,BOND,0
T05032,W0094,W0088,541551.57,2025-05-31 17:47:00,FX,0
T00365,W0095,W0059,527930.71,2025-05-31 12:12:00,BOND,0
T02465,W0090,W0095,449708.65,2025-05-31 12:56:00,FX,0
T09138,W0015,W0033,933696.98,2025-05-31 08:50:29,USD,1
T07634,W0088,W0001,574271.43,2025-05-31 16:26:00,FX,0
T08578,W0034,W0016,1096554.21,2025-05-31 07:50:29,FX,1
T06194,W0013,W0054,414378.76,2025-05-31 14:08:00,FX,0
T03850,W0069,W0016,622666.83,2025-05-31 16:53:00,USD,0
T03400,W0011,W0049,475314.29,2025-05-31 15:40:00,USD,0
T07334,W0051,W0056,468015.33,2025-05-31 10:17:00,USD,0
T03199,W0036,W0081,495075.0,2025-05-31 13:23:00,BOND,0
T06219,W0095,W0047,526530.25,2025-05-31 12:19:00,BOND,0
T01674,W0005,W0081,468122.39,2025-05-31 14:39:00,USD,0
T04645,W0013,W0065,597393.47,2025-05-31 16:33:00,BOND,0
T09847,W0096,W0083,1087318.05,2025-05-31 07:50:29,USD,1
T00344,W0018,W0011,497566.61,2025-05-31 11:31:00,FX,0
T05500,W0095,W0051,380572.15,2025-05-31 12:45:00,FX,0
T02348,W0018,W0066,478002.39,2025-05-31 11:48:00,BOND,0
T08988,W0050,W0075,1024419.7,2025-05-31 06:50:29,FX,1
T08515,W0091,W0077,1037293.79,2025-05-31 08:50:29,USD,1
T00427,W0065,W0064,311861.42,2025-05-31 16:42:00,FX,0
T08469,W0094,W0068,1024369.15,2025-05-31 08:50:29,BOND,1
T00485,W0091,W0014,522677.53,2025-05-31 16:17:00,FX,0
T03436,W0009,W0070,514596.54,2025-05-31 09:09:00,USD,0
T08743,W0074,W0085,1023845.04,2025-05-31 08:50:29,FX,1
T01558,W0094,W0083,467191.43,2025-05-31 09:07:00,BOND,0
T05355,W0066,W0042,406524.36,2025-05-31 18:13:00,USD,0
T06708,W0048,W0082,409350.82,2025-05-31 16:46:00,USD,0
T05820,W0018,W0084,346924.11,2025-05-31 09:20:00,USD,0
T03325,W0004,W0092,673961.19,2025-05-31 13:16:00,FX,0
T08134,W0097,W0056,1093678.73,2025-05-31 08:50:29,FX,1
T06238,W0076,W0054,447906.36,2025-05-31 10:56:00,FX,0
T06681,W0091,W0052,568113.0,2025-05-31 18:55:00,USD,0
T05694,W0007,W0083,567306.38,2025-05-31 12:46:00,BOND,0
T05629,W0062,W0022,493975.63,2025-05-31 11:24:00,FX,0
T03589,W0081,W0016,505206.85,2025-05-31 14:05:00,USD,0
T09743,W0015,W0079,907267.65,2025-05-31 07:50:29,USD,1
T00005,W0035,W0092,510718.16,2025-05-31 15:53:00,USD,0
T02301,W0043,W0090,371775.01,2025-05-31 15:12:00,BOND,0
T07362,W0058,W0070,567348.86,2025-05-31 18:37:00,BOND,0
T09098,W0028,W0089,1162845.7,2025-05-31 07:50:29,USD,1
T08878,W0090,W0039,985758.31,2025-05-31 08:50:29,FX,1
T04959,W0036,W0051,349221.25,2025-05-31 17:41:00,USD,0
T08621,W0007,W0082,1118033.32,2025-05-31 06:50:29,FX,1
T00280,W0072,W0018,415557.59,2025-05-31 16:34:00,BOND,0
T07261,W0063,W0038,340635.12,2025-05-31 14:47:00,FX,0
T03583,W0030,W0062,596427.42,2025-05-31 17:18:00,BOND,0
T00252,W0035,W0034,570735.47,2025-05-31 10:38:00,FX,0
T02378,W0006,W0086,534960.63,2025-05-31 12:29:00,FX,0
T08570,W0079,W0061,1189913.2,2025-05-31 08:50:29,BOND,1
T05761,W0077,W0035,496993.14,2025-05-31 16:19:00,USD,0
T07018,W0015,W0005,507325.75,2025-05-31 10:09:00,BOND,0
T02935,W0078,W0039,536852.94,2025-05-31 11:49:00,USD,0
T08409,W0073,W0086,1099512.71,2025-05-31 08:50:29,USD,1
T06902,W0048,W0035,360311.5,2025-05-31 13:26:00,FX,0
T01658,W0071,W0100,652123.38,2025-05-31 11:44:00,BOND,0
T05044,W0007,W0075,591226.6,2025-05-31 13:54:00,BOND,0
T09385,W0041,W0055,1144323.68,2025-05-31 06:50:29,USD,1
T06637,W0085,W0016,510977.78,2025-05-31 15:11:00,FX,0
T01617,W0095,W0017,441720.29,2025-05-31 09:08:00,BOND,0
T05219,W0100,W0036,506216.27,2025-05-31 10:39:00,USD,0
T05812,W0040,W0067,525338.44,2025-05-31 16:49:00,USD,0
T03769,W0047,W0005,470373.8,2025-05-31 18:37:00,FX,0
T05350,W0065,W0086,487343.11,2025-05-31 15:57:00,USD,0
T00717,W0066,W0069,414476.29,2025-05-31 14:49:00,BOND,0
T06108,W0099,W0028,482989.51,2025-05-31 11:18:00,FX,0
T04858,W0062,W0043,519406.02,2025-05-31 13:02:00,USD,0
T07393,W0085,W0010,569359.83,2025-05-31 17:10:00,FX,0
T06677,W0050,W0086,359251.21,2025-05-31 14:24:00,USD,0
T05013,W0028,W0032,570822.82,2025-05-31 12:54:00,BOND,0
T08961,W0007,W0087,1026942.69,2025-05-31 08:50:29,BOND,1
T04072,W0095,W0003,651573.81,2025-05-31 16:03:00,FX,0
T01545,W0006,W0023,487653.5,2025-05-31 12:40:00,USD,0
T03077,W0056,W0092,591980.19,2025-05-31 15:46:00,BOND,0
T03427,W0053,W0094,511193.8,2025-05-31 13:24:00,BOND,0
T05522,W0070,W0009,491588.86,2025-05-31 15:08:00,FX,0
T03535,W0046,W0086,434766.78,2025-05-31 10:37:00,USD,0
T03781,W0001,W0088,460622.49,2025-05-31 09:45:00,USD,0
T06755,W0014,W0088,565266.97,2025-05-31 11:39:00,FX,0
T05567,W0029,W0011,587908.75,2025-05-31 16:26:00,FX,0
T05525,W0069,W0009,597799.97,2025-05-31 17:18:00,FX,0
T04626,W0036,W0100,586078.9,2025-05-31 18:36:00,BOND,0
T07374,W0036,W0055,433119.67,2025-05-31 17:25:00,USD,0
T02216,W0014,W0008,397594.78,2025-05-31 16:49:00,USD,0
T06486,W0013,W0040,535692.82,2025-05-31 13:33:00,USD,0
T05951,W0084,W0067,603874.17,2025-05-31 14:19:00,BOND,0
T05381,W0041,W0046,583293.08,2025-05-31 13:05:00,USD,0
T01877,W0098,W0019,606244.17,2025-05-31 11:30:00,USD,0
T07220,W0032,W0084,320518.66,2025-05-31 12:11:00,BOND,0
T06082,W0059,W0067,421910.77,2025-05-31 15:20:00,USD,0
T05512,W0005,W0077,597018.4,2025-05-31 12:55:00,USD,0
T08386,W0077,W0010,951736.32,2025-05-31 08:50:29,USD,1
T02281,W0054,W0060,427985.71,2025-05-31 18:52:00,BOND,0
T02339,W0092,W0061,522766.76,2025-05-31 14:38:00,USD,0
T01850,W0007,W0064,494074.42,2025-05-31 14:29:00,BOND,0
T00472,W0043,W0082,505908.19,2025-05-31 17:06:00,FX,0
T06577,W0072,W0041,522346.39,2025-05-31 12:51:00,BOND,0
T06336,W0065,W0066,422055.17,2025-05-31 15:45:00,USD,0
T07868,W0056,W0093,1089119.35,2025-05-31 06:50:29,FX,1
T09050,W0041,W0100,1130742.77,2025-05-31 08:50:29,BOND,1
T01042,W0014,W0077,593492.67,2025-05-31 11:21:00,USD,0
T02892,W0100,W0012,550283.0,2025-05-31 16:24:00,USD,0
T00461,W0099,W0069,437216.08,2025-05-31 11:16:00,FX,0
T01672,W0042,W0012,681484.86,2025-05-31 17:34:00,FX,0
T08582,W0033,W0014,1183832.72,2025-05-31 07:50:29,FX,1
T05650,W0022,W0086,459598.56,2025-05-31 09:05:00,USD,0
T08543,W0011,W0026,1079458.03,2025-05-31 08:50:29,USD,1
T05953,W0013,W0010,514285.56,2025-05-31 16:02:00,BOND,0
T02371,W0026,W0086,570576.78,2025-05-31 18:03:00,BOND,0
T02007,W0045,W0072,520671.02,2025-05-31 16:08:00,FX,0
T01386,W0100,W0084,448807.8,2025-05-31 10:39:00,BOND,0
T02258,W0066,W0026,546056.28,2025-05-31 11:44:00,USD,0
T03161,W0003,W0060,390402.01,2025-05-31 10:16:00,BOND,0
T07458,W0077,W0075,467180.3,2025-05-31 09:08:00,FX,0
T07304,W0065,W0066,539394.22,2025-05-31 09:48:00,FX,0
T01517,W0023,W0008,313023.48,2025-05-31 18:10:00,BOND,0
T08438,W0074,W0044,998721.92,2025-05-31 07:50:29,BOND,1
T06263,W0085,W0090,525505.37,2025-05-31 18:30:00,BOND,0
T06561,W0078,W0001,398609.19,2025-05-31 15:53:00,BOND,0
T08827,W0080,W0083,1014983.75,2025-05-31 07:50:29,BOND,1
T09716,W0071,W0026,1112854.91,2025-05-31 07:50:29,USD,1
T00525,W0088,W0061,538602.06,2025-05-31 13:43:00,FX,0
T03515,W0011,W0085,411991.9,2025-05-31 15:37:00,USD,0
T04757,W0062,W0013,412953.18,2025-05-31 15:16:00,USD,0
T00760,W0036,W0079,464062.97,2025-05-31 14:15:00,FX,0
T09003,W0010,W0004,1155723.54,2025-05-31 07:50:29,USD,1
T06094,W0015,W0019,447919.88,2025-05-31 09:58:00,BOND,0
T03598,W0049,W0037,552141.97,2025-05-31 12:00:00,FX,0
T05846,W0073,W0084,606889.06,2025-05-31 15:33:00,USD,0
T07524,W0030,W0050,435689.41,2025-05-31 18:43:00,BOND,0
T00326,W0002,W0082,449765.86,2025-05-31 11:28:00,FX,0
T02745,W0086,W0045,534560.63,2025-05-31 13:21:00,BOND,0
T02800,W0018,W0060,343791.59,2025-05-31 10:57:00,USD,0
T08110,W0095,W0039,1076778.29,2025-05-31 07:50:29,BOND,1
T03180,W0077,W0038,369379.59,2025-05-31 17:43:00,BOND,0
T02312,W0002,W0029,307856.38,2025-05-31 14:30:00,USD,0
T09124,W0013,W0099,1093737.19,2025-05-31 07:50:29,FX,1
T09361,W0012,W0060,909357.24,2025-05-31 08:50:29,FX,1
T01181,W0100,W0091,535435.59,2025-05-31 13:22:00,USD,0
T06848,W0059,W0051,491969.87,2025-05-31 11:22:00,BOND,0
T04420,W0070,W0048,484063.33,2025-05-31 16:28:00,FX,0
T05294,W0065,W0030,579743.09,2025-05-31 16:47:00,BOND,0
T07239,W0007,W0005,449687.04,2025-05-31 13:00:00,FX,0
T03322,W0008,W0057,498967.28,2025-05-31 11:27:00,FX,0
T01328,W0031,W0010,575959.69,2025-05-31 11:09:00,FX,0
T04333,W0070,W0015,505184.65,2025-05-31 11:40:00,BOND,0
T04854,W0008,W0082,596285.73,2025-05-31 14:29:00,USD,0
T02731,W0031,W0026,600592.86,2025-05-31 15:45:00,BOND,0
T00229,W0071,W0098,539156.11,2025-05-31 17:35:00,FX,0
T00340,W0045,W0096,499429.64,2025-05-31 09:29:00,USD,0
T07357,W0011,W0074,470323.3,2025-05-31 12:27:00,USD,0
T02782,W0040,W0074,631669.37,2025-05-31 11:33:00,FX,0
T03682,W0093,W0012,522924.01,2025-05-31 09:05:00,USD,0
T07389,W0046,W0079,626597.94,2025-05-31 15:43:00,FX,0
T00716,W0002,W0093,604078.84,2025-05-31 12:10:00,FX,0
T01194,W0050,W0071,389737.33,2025-05-31 18:33:00,USD,0
T06310,W0081,W0013,647990.86,2025-05-31 18:59:00,BOND,0
T06428,W0031,W0060,504351.02,2025-05-31 14:16:00,USD,0
T02868,W0033,W0043,371197.28,2025-05-31 10:15:00,USD,0
T03974,W0024,W0005,307514.26,2025-05-31 14:26:00,BOND,0
T00073,W0036,W0003,507112.26,2025-05-31 13:09:00,BOND,0
T06051,W0023,W0037,474128.79,2025-05-31 16:23:00,USD,0
T04891,W0015,W0066,612434.38,2025-05-31 12:32:00,USD,0
T02338,W0004,W0092,459981.9,2025-05-31 18:58:00,USD,0
T01706,W0099,W0029,506394.87,2025-05-31 18:37:00,USD,0
T06961,W0008,W0031,493947.57,2025-05-31 13:29:00,USD,0
T02657,W0025,W0011,431782.59,2025-05-31 10:08:00,BOND,0
T01472,W0043,W0092,514698.9,2025-05-31 10:27:00,USD,0
T02545,W0021,W0005,464777.82,2025-05-31 12:52:00,USD,0
T09979,W0035,W0065,1035604.87,2025-05-31 08:50:29,USD,1
T09927,W0033,W0012,916427.54,2025-05-31 07:50:29,FX,1
T06173,W0009,W0011,663062.82,2025-05-31 10:13:00,USD,0
T06257,W0001,W0046,451869.33,2025-05-31 13:50:00,BOND,0
T03211,W0005,W0085,581429.49,2025-05-31 14:44:00,BOND,0
T01011,W0072,W0031,358623.22,2025-05-31 17:46:00,FX,0
T01955,W0041,W0027,451162.08,2025-05-31 09:17:00,USD,0
T03630,W0093,W0064,750249.19,2025-05-31 13:16:00,BOND,0
T01239,W0044,W0075,447612.17,2025-05-31 15:20:00,BOND,0
T07437,W0049,W0072,443641.9,2025-05-31 16:07:00,FX,0
T07408,W0068,W0080,373291.15,2025-05-31 11:18:00,USD,0
T01977,W0093,W0081,551311.25,2025-05-31 14:47:00,BOND,0
T05339,W0073,W0077,468845.99,2025-05-31 10:29:00,BOND,0
T04498,W0003,W0048,632787.7,2025-05-31 14:46:00,FX,0
T02327,W0048,W0088,455715.69,2025-05-31 14:28:00,USD,0
T01152,W0041,W0098,648587.76,2025-05-31 18:35:00,USD,0
T07540,W0018,W0064,478167.56,2025-05-31 12:27:00,USD,0
T09889,W0037,W0014,1049489.56,2025-05-31 07:50:29,BOND,1
T01920,W0074,W0048,528558.68,2025-05-31 16:29:00,FX,0
T03153,W0072,W0097,378247.48,2025-05-31 11:57:00,FX,0
T01425,W0081,W0003,475474.33,2025-05-31 10:10:00,USD,0
T02480,W0004,W0087,358912.95,2025-05-31 10:01:00,BOND,0
T07272,W0092,W0047,386043.95,2025-05-31 16:12:00,USD,0
T07002,W0086,W0078,524512.1,2025-05-31 15:26:00,FX,0
T07842,W0069,W0094,1038321.45,2025-05-31 06:50:29,BOND,1
T08954,W0050,W0058,1083340.16,2025-05-31 06:50:29,BOND,1
T02922,W0076,W0032,580805.78,2025-05-31 16:39:00,BOND,0
T01454,W0057,W0020,435003.12,2025-05-31 09:35:00,FX,0
T08343,W0050,W0003,1128507.29,2025-05-31 08:50:29,USD,1
T03287,W0072,W0099,384501.66,2025-05-31 09:09:00,FX,0
T09621,W0052,W0035,1096142.87,2025-05-31 08:50:29,BOND,1
T08598,W0018,W0003,1114253.11,2025-05-31 06:50:29,FX,1
T00389,W0010,W0023,335987.68,2025-05-31 13:16:00,FX,0
T02138,W0070,W0007,290717.22,2025-05-31 16:20:00,BOND,0
T09766,W0042,W0090,941449.0,2025-05-31 08:50:29,BOND,1
T09791,W0059,W0082,1013366.22,2025-05-31 06:50:29,USD,1
T03145,W0030,W0091,358413.03,2025-05-31 11:13:00,USD,0
T06844,W0038,W0054,336515.65,2025-05-31 12:33:00,USD,0
T09803,W0015,W0029,933283.1,2025-05-31 06:50:29,FX,1
T09961,W0064,W0077,951178.28,2025-05-31 08:50:29,USD,1
T09301,W0004,W0058,1190282.59,2025-05-31 08:50:29,USD,1
T05453,W0016,W0090,582666.47,2025-05-31 17:10:00,FX,0
T04463,W0087,W0072,483183.46,2025-05-31 18:49:00,BOND,0
T05774,W0018,W0031,672747.19,2025-05-31 09:14:00,FX,0
T00457,W0065,W0084,529173.98,2025-05-31 09:06:00,BOND,0
T09121,W0051,W0019,907433.34,2025-05-31 07:50:29,USD,1
T06502,W0060,W0079,497137.94,2025-05-31 15:54:00,USD,0
T07514,W0033,W0065,456938.13,2025-05-31 10:47:00,USD,0
T03337,W0073,W0037,533573.89,2025-05-31 11:11:00,FX,0
T07007,W0011,W0015,421612.15,2025-05-31 12:30:00,FX,0
T04435,W0058,W0072,578804.5,2025-05-31 17:26:00,BOND,0
T08770,W0003,W0099,1146662.33,2025-05-31 08:50:29,USD,1
T05389,W0077,W0046,483698.53,2025-05-31 15:17:00,USD,0
T01426,W0036,W0033,514882.83,2025-05-31 18:16:00,FX,0
T03655,W0010,W0080,356202.3,2025-05-31 15:50:00,BOND,0
T00868,W0080,W0090,464551.86,2025-05-31 17:12:00,BOND,0
T00799,W0003,W0061,403855.37,2025-05-31 11:33:00,USD,0
T09687,W0072,W0035,1150393.63,2025-05-31 06:50:29,FX,1
T01055,W0005,W0030,420141.83,2025-05-31 11:32:00,BOND,0
T04608,W0083,W0026,526881.52,2025-05-31 09:45:00,FX,0
T04078,W0023,W0027,498621.75,2025-05-31 15:06:00,BOND,0
T04870,W0056,W0033,542423.25,2025-05-31 14:07:00,BOND,0
T09648,W0008,W0078,1089734.4,2025-05-31 07:50:29,USD,1
T07183,W0082,W0026,482226.45,2025-05-31 16:13:00,FX,0
T09089,W0075,W0084,974426.19,2025-05-31 08:50:29,FX,1
T01880,W0062,W0083,500512.91,2025-05-31 16:56:00,FX,0
T08305,W0020,W0084,922707.61,2025-05-31 08:50:29,USD,1
T04299,W0035,W0035,375929.05,2025-05-31 10:12:00,FX,0
T07675,W0062,W0049,1071085.38,2025-05-31 08:50:29,BOND,1
T07897,W0047,W0057,918622.17,2025-05-31 07:50:29,USD,1
T08560,W0017,W0081,1061033.07,2025-05-31 08:50:29,USD,1
T07844,W0050,W0011,1163829.13,2025-05-31 07:50:29,USD,1
T03946,W0028,W0051,500986.15,2025-05-31 15:14:00,FX,0
T05000,W0046,W0087,483865.72,2025-05-31 16:41:00,USD,0
T04649,W0058,W0025,492783.76,2025-05-31 15:08:00,BOND,0
T03724,W0040,W0016,506229.71,2025-05-31 18:00:00,USD,0
T01271,W0029,W0082,481122.14,2025-05-31 13:53:00,BOND,0
T04118,W0029,W0018,539602.8,2025-05-31 13:39:00,BOND,0
T06411,W0064,W0019,426952.75,2025-05-31 13:39:00,FX,0
T06401,W0076,W0027,409837.83,2025-05-31 15:21:00,BOND,0
T05120,W0044,W0015,514796.24,2025-05-31 12:59:00,FX,0
T05357,W0093,W0076,411400.11,2025-05-31 13:56:00,BOND,0
T06584,W0027,W0074,563150.22,2025-05-31 16:31:00,FX,0
T01785,W0048,W0089,407787.53,2025-05-31 10:04:00,BOND,0
T07449,W0078,W0017,679814.14,2025-05-31 18:53:00,FX,0
T03497,W0017,W0059,436325.41,2025-05-31 15:59:00,FX,0
T09951,W0064,W0069,933327.91,2025-05-31 07:50:29,USD,1
T04758,W0087,W0012,516924.01,2025-05-31 14:55:00,BOND,0
T08749,W0006,W0064,942132.78,2025-05-31 07:50:29,USD,1
T01935,W0094,W0025,562154.04,2025-05-31 17:26:00,BOND,0
T05892,W0041,W0038,365541.89,2025-05-31 17:54:00,USD,0
T04281,W0026,W0020,401204.08,2025-05-31 09:36:00,FX,0
T07662,W0020,W0079,1046381.69,2025-05-31 07:50:29,BOND,1
T05769,W0006,W0098,481051.34,2025-05-31 16:03:00,USD,0
T03183,W0078,W0016,504214.71,2025-05-31 18:41:00,FX,0
T09875,W0075,W0033,1024584.79,2025-05-31 08:50:29,FX,1
T04733,W0072,W0042,585116.65,2025-05-31 09:56:00,FX,0
T07970,W0003,W0042,1088987.55,2025-05-31 07:50:29,FX,1
T06822,W0068,W0082,480424.93,2025-05-31 14:24:00,BOND,0
T02597,W0079,W0079,460817.28,2025-05-31 12:10:00,USD,0
T03791,W0082,W0081,580510.34,2025-05-31 13:42:00,USD,0
T02858,W0012,W0079,514111.71,2025-05-31 10:16:00,FX,0
T03039,W0028,W0025,520026.19,2025-05-31 13:54:00,FX,0
T05536,W0070,W0008,512371.22,2025-05-31 17:43:00,USD,0
T03713,W0058,W0060,465030.12,2025-05-31 10:57:00,BOND,0
T01887,W0030,W0003,683674.91,2025-05-31 16:26:00,FX,0
T08054,W0043,W0059,1160437.07,2025-05-31 06:50:29,FX,1
T06924,W0042,W0011,549994.73,2025-05-31 12:45:00,BOND,0
T09545,W0003,W0057,916393.89,2025-05-31 08:50:29,USD,1
T09047,W0006,W0098,973849.25,2025-05-31 06:50:29,FX,1
T05929,W0086,W0054,459524.71,2025-05-31 16:56:00,FX,0
T08709,W0085,W0068,1137402.4,2025-05-31 08:50:29,FX,1
T01542,W0079,W0007,629324.52,2025-05-31 11:27:00,BOND,0
T00564,W0079,W0007,454650.99,2025-05-31 12:53:00,BOND,0
T04423,W0086,W0096,509418.2,2025-05-31 17:29:00,BOND,0
T04243,W0076,W0012,544945.37,2025-05-31 13:35:00,USD,0
T06134,W0085,W0096,490895.96,2025-05-31 09:15:00,FX,0
T03808,W0035,W0016,452990.27,2025-05-31 10:37:00,USD,0
T05490,W0100,W0051,601493.54,2025-05-31 10:41:00,BOND,0
T03328,W0017,W0061,397561.34,2025-05-31 15:09:00,USD,0
T04655,W0052,W0085,670248.66,2025-05-31 12:50:00,BOND,0
T01396,W0066,W0054,473861.44,2025-05-31 15:06:00,FX,0
T04976,W0094,W0047,447984.27,2025-05-31 09:26:00,BOND,0
T09981,W0027,W0082,1118738.23,2025-05-31 06:50:29,BOND,1
T02735,W0094,W0011,581386.01,2025-05-31 14:31:00,BOND,0
T00432,W0088,W0014,506343.93,2025-05-31 09:38:00,USD,0
T06787,W0042,W0042,534943.57,2025-05-31 11:25:00,USD,0
T07565,W0035,W0089,518052.5,2025-05-31 11:51:00,USD,0
T08604,W0052,W0014,1032310.98,2025-05-31 08:50:29,FX,1
T07479,W0096,W0089,449138.69,2025-05-31 09:18:00,FX,0
T01458,W0034,W0094,470714.69,2025-05-31 13:19:00,USD,0
T01499,W0085,W0095,341666.32,2025-05-31 13:51:00,BOND,0
T06098,W0021,W0079,462640.12,2025-05-31 14:01:00,BOND,0
T06851,W0054,W0076,367322.74,2025-05-31 10:54:00,USD,0
T00612,W0091,W0036,613354.29,2025-05-31 16:40:00,USD,0
T07846,W0031,W0019,970326.72,2025-05-31 07:50:29,USD,1
T07420,W0014,W0076,498895.22,2025-05-31 18:52:00,USD,0
T09818,W0097,W0057,1190182.63,2025-05-31 08:50:29,USD,1
T09474,W0092,W0076,956093.17,2025-05-31 06:50:29,USD,1
T07733,W0056,W0034,1104394.25,2025-05-31 08:50:29,FX,1
T08190,W0040,W0045,972467.09,2025-05-31 06:50:29,BOND,1
T02260,W0072,W0088,574758.4,2025-05-31 12:52:00,BOND,0
T03381,W0003,W0031,414991.51,2025-05-31 11:35:00,USD,0
T04559,W0048,W0089,574544.23,2025-05-31 17:40:00,FX,0
T02261,W0003,W0099,520723.7,2025-05-31 16:18:00,BOND,0
T02944,W0087,W0003,513885.2,2025-05-31 16:49:00,BOND,0
T03172,W0010,W0068,381572.99,2025-05-31 15:23:00,USD,0
T05833,W0063,W0072,484648.85,2025-05-31 15:39:00,FX,0
T01771,W0037,W0089,553812.21,2025-05-31 10:31:00,USD,0
T07696,W0073,W0012,1012422.18,2025-05-31 07:50:29,BOND,1
T04848,W0093,W0089,424984.35,2025-05-31 17:29:00,USD,0
T04580,W0047,W0052,560011.78,2025-05-31 13:22:00,BOND,0
T08867,W0030,W0086,972469.58,2025-05-31 07:50:29,USD,1
T01459,W0030,W0099,445252.58,2025-05-31 17:55:00,BOND,0
T01533,W0067,W0025,558882.74,2025-05-31 16:43:00,FX,0
T06790,W0082,W0032,468327.42,2025-05-31 17:00:00,BOND,0
T00637,W0093,W0043,552072.51,2025-05-31 16:19:00,FX,0
T08136,W0078,W0050,1116100.18,2025-05-31 08:50:29,USD,1
T01984,W0041,W0049,657372.47,2025-05-31 12:59:00,FX,0
T03849,W0100,W0020,561760.85,2025-05-31 12:24:00,FX,0
T05538,W0009,W0064,475453.21,2025-05-31 18:14:00,USD,0
T01020,W0042,W0099,406608.12,2025-05-31 13:38:00,FX,0
T05532,W0069,W0038,552195.33,2025-05-31 09:37:00,FX,0
T06861,W0001,W0045,425707.98,2025-05-31 17:58:00,FX,0
T06945,W0095,W0034,409511.21,2025-05-31 16:21:00,BOND,0
T06871,W0016,W0099,463323.52,2025-05-31 11:59:00,USD,0
T09364,W0067,W0049,1047364.61,2025-05-31 06:50:29,USD,1
T09001,W0019,W0045,976774.68,2025-05-31 07:50:29,BOND,1
T06858,W0099,W0079,406102.97,2025-05-31 17:28:00,USD,0
T00536,W0094,W0002,617147.2,2025-05-31 10:02:00,USD,0
T04680,W0051,W0018,452449.12,2025-05-31 13:17:00,USD,0
T02674,W0031,W0049,492171.74,2025-05-31 18:49:00,FX,0
T06446,W0054,W0035,595679.48,2025-05-31 12:23:00,BOND,0
T07686,W0077,W0095,1090665.9,2025-05-31 06:50:29,USD,1
T07190,W0016,W0094,422281.34,2025-05-31 12:27:00,BOND,0
T02054,W0026,W0063,626028.12,2025-05-31 13:37:00,BOND,0
T05683,W0019,W0037,571737.53,2025-05-31 10:31:00,FX,0
T05667,W0055,W0075,440239.24,2025-05-31 15:07:00,FX,0
T03822,W0021,W0029,351950.62,2025-05-31 16:32:00,FX,0
T07769,W0049,W0017,1133651.15,2025-05-31 08:50:29,BOND,1
T06461,W0019,W0065,402419.04,2025-05-31 13:48:00,FX,0
T08517,W0040,W0054,1116552.25,2025-05-31 08:50:29,BOND,1
T03745,W0089,W0088,512474.89,2025-05-31 16:45:00,USD,0
T06059,W0071,W0049,554203.93,2025-05-31 15:45:00,USD,0
T08794,W0075,W0002,1143272.44,2025-05-31 06:50:29,BOND,1
T06470,W0001,W0055,560993.39,2025-05-31 18:34:00,USD,0
T00901,W0008,W0082,494315.28,2025-05-31 11:30:00,FX,0
T01725,W0085,W0039,696401.95,2025-05-31 09:53:00,USD,0
T08805,W0079,W0027,959445.05,2025-05-31 07:50:29,BOND,1
T02346,W0010,W0088,524253.83,2025-05-31 10:04:00,BOND,0
T04271,W0038,W0090,497701.83,2025-05-31 15:24:00,USD,0
T02724,W0063,W0042,397509.27,2025-05-31 14:43:00,FX,0
T03406,W0096,W0043,494790.85,2025-05-31 17:39:00,BOND,0
T02116,W0012,W0008,522874.35,2025-05-31 13:43:00,FX,0
T06658,W0042,W0057,534317.63,2025-05-31 10:45:00,FX,0
T05530,W0006,W0039,479839.34,2025-05-31 13:08:00,USD,0
T06940,W0039,W0052,539254.18,2025-05-31 09:40:00,BOND,0
T02741,W0023,W0068,483063.85,2025-05-31 13:58:00,USD,0
T03105,W0017,W0083,625666.03,2025-05-31 09:50:00,BOND,0
T07468,W0049,W0072,470035.03,2025-05-31 18:30:00,BOND,0
T05390,W0021,W0008,447539.71,2025-05-31 11:33:00,BOND,0
T06492,W0066,W0039,462032.95,2025-05-31 10:25:00,USD,0
T05543,W0003,W0027,463284.79,2025-05-31 16:44:00,FX,0
T03399,W0044,W0069,489463.05,2025-05-31 13:59:00,FX,0
T00993,W0081,W0016,527760.29,2025-05-31 17:48:00,BOND,0
T01563,W0087,W0044,505184.05,2025-05-31 15:15:00,USD,0
T02316,W0071,W0026,368221.23,2025-05-31 12:27:00,FX,0
T02772,W0029,W0058,604456.41,2025-05-31 15:05:00,USD,0
T05645,W0017,W0090,462768.97,2025-05-31 16:37:00,USD,0
T07821,W0087,W0072,1001116.57,2025-05-31 07:50:29,BOND,1
T03610,W0058,W0049,526851.29,2025-05-31 12:04:00,FX,0
T06905,W0089,W0006,602868.2,2025-05-31 13:53:00,BOND,0
T03388,W0006,W0051,461281.42,2025-05-31 13:00:00,FX,0
T04674,W0059,W0100,475012.16,2025-05-31 17:34:00,BOND,0
T04713,W0091,W0009,542465.59,2025-05-31 14:12:00,USD,0
T03288,W0055,W0058,541183.47,2025-05-31 17:25:00,USD,0
T00140,W0060,W0066,495386.72,2025-05-31 15:50:00,FX,0
T03152,W0086,W0068,470623.02,2025-05-31 14:39:00,FX,0
T04446,W0053,W0021,592419.54,2025-05-31 12:04:00,FX,0
T00158,W0091,W0065,555403.36,2025-05-31 17:27:00,BOND,0
T01732,W0028,W0004,606113.01,2025-05-31 14:30:00,FX,0
T08340,W0034,W0059,971991.2,2025-05-31 06:50:29,USD,1
T09025,W0046,W0013,1098996.67,2025-05-31 08:50:29,USD,1
T07598,W0040,W0069,458616.07,2025-05-31 13:26:00,USD,0
T00893,W0020,W0061,412523.2,2025-05-31 16:48:00,BOND,0
T09484,W0093,W0065,1009134.33,2025-05-31 06:50:29,BOND,1
T06846,W0021,W0050,589960.75,2025-05-31 10:13:00,USD,0
T05277,W0081,W0022,486031.95,2025-05-31 15:22:00,FX,0
T04893,W0100,W0096,363455.61,2025-05-31 09:00:00,USD,0
T09531,W0015,W0077,1069477.99,2025-05-31 08:50:29,USD,1
T08541,W0004,W0071,1176188.11,2025-05-31 08:50:29,FX,1
T07017,W0038,W0078,425628.61,2025-05-31 18:04:00,FX,0
T09703,W0082,W0049,970839.55,2025-05-31 06:50:29,BOND,1
T03955,W0055,W0079,511897.66,2025-05-31 16:42:00,USD,0
T03129,W0093,W0002,537821.21,2025-05-31 18:25:00,USD,0
T04226,W0091,W0080,532104.0,2025-05-31 16:21:00,USD,0
T01208,W0100,W0040,460554.54,2025-05-31 12:54:00,USD,0
T02048,W0091,W0094,463470.28,2025-05-31 10:31:00,USD,0
T07547,W0085,W0024,591702.74,2025-05-31 15:48:00,USD,0
T03089,W0040,W0096,482650.78,2025-05-31 12:26:00,USD,0
T07620,W0011,W0048,538452.03,2025-05-31 16:46:00,FX,0
T03726,W0016,W0083,592993.36,2025-05-31 09:14:00,FX,0
T07858,W0049,W0092,1138026.33,2025-05-31 07:50:29,USD,1
T05835,W0082,W0075,554563.95,2025-05-31 15:39:00,BOND,0
T08945,W0082,W0084,1182884.75,2025-05-31 06:50:29,FX,1
T02291,W0076,W0095,316296.13,2025-05-31 09:51:00,FX,0
T02206,W0028,W0008,487966.98,2025-05-31 15:17:00,BOND,0
T09342,W0005,W0041,1117229.75,2025-05-31 07:50:29,BOND,1
T09180,W0024,W0046,937266.34,2025-05-31 06:50:29,USD,1
T07327,W0017,W0016,416946.89,2025-05-31 18:18:00,FX,0
T01114,W0050,W0096,507322.7,2025-05-31 09:56:00,BOND,0
T05548,W0005,W0064,422859.11,2025-05-31 14:17:00,FX,0
T01840,W0052,W0048,529194.28,2025-05-31 10:07:00,FX,0
T04659,W0057,W0043,489927.44,2025-05-31 12:10:00,BOND,0
T07106,W0074,W0056,338335.7,2025-05-31 15:03:00,BOND,0
T06746,W0084,W0024,446973.75,2025-05-31 17:40:00,FX,0
T06853,W0020,W0001,532493.07,2025-05-31 09:13:00,BOND,0
T08411,W0040,W0041,1194353.39,2025-05-31 08:50:29,BOND,1
T02608,W0057,W0087,601980.89,2025-05-31 13:33:00,FX,0
T00627,W0020,W0051,575017.29,2025-05-31 15:27:00,BOND,0
T08726,W0018,W0081,1020611.39,2025-05-31 06:50:29,USD,1
T01209,W0004,W0011,581893.48,2025-05-31 15:25:00,USD,0
T02776,W0025,W0009,601920.46,2025-05-31 12:40:00,BOND,0
T07838,W0058,W0044,1101848.96,2025-05-31 08:50:29,BOND,1
T09758,W0098,W0036,988297.61,2025-05-31 08:50:29,FX,1
T01832,W0070,W0092,513800.23,2025-05-31 09:24:00,USD,0
T06221,W0077,W0097,564869.39,2025-05-31 10:03:00,USD,0
T09362,W0074,W0053,1046146.86,2025-05-31 08:50:29,USD,1
T05823,W0006,W0003,545191.42,2025-05-31 11:49:00,FX,0
T06608,W0047,W0044,398037.9,2025-05-31 15:29:00,USD,0
T04954,W0016,W0059,607273.74,2025-05-31 15:01:00,FX,0
T02576,W0015,W0008,609458.8,2025-05-31 13:42:00,BOND,0
T02350,W0049,W0062,534552.72,2025-05-31 13:06:00,FX,0
T03933,W0022,W0071,483741.64,2025-05-31 12:50:00,USD,0
T05819,W0038,W0044,510656.15,2025-05-31 16:06:00,FX,0
T04700,W0032,W0063,506510.5,2025-05-31 17:24:00,BOND,0
T05430,W0035,W0094,541856.01,2025-05-31 11:18:00,BOND,0
T07070,W0073,W0062,526760.37,2025-05-31 15:48:00,USD,0
T04307,W0076,W0036,545805.32,2025-05-31 11:43:00,BOND,0
T01523,W0063,W0030,365087.78,2025-05-31 14:54:00,USD,0
T06549,W0019,W0043,614176.25,2025-05-31 15:41:00,BOND,0
T06881,W0011,W0064,504801.99,2025-05-31 16:53:00,BOND,0
T05198,W0045,W0023,618157.15,2025-05-31 15:25:00,FX,0
T05115,W0019,W0039,492252.23,2025-05-31 17:13:00,USD,0
T03056,W0076,W0034,480611.58,2025-05-31 14:00:00,BOND,0
T00528,W0071,W0017,462020.3,2025-05-31 17:24:00,BOND,0
T05136,W0023,W0054,470450.35,2025-05-31 14:06:00,FX,0
T09718,W0099,W0042,906076.15,2025-05-31 08:50:29,BOND,1
T07328,W0069,W0040,448934.17,2025-05-31 16:21:00,FX,0
T09009,W0067,W0011,1093121.94,2025-05-31 07:50:29,USD,1
T06789,W0089,W0044,419857.09,2025-05-31 15:46:00,FX,0
T05591,W0065,W0093,568910.92,2025-05-31 09:44:00,BOND,0
T06566,W0043,W0073,554475.21,2025-05-31 17:43:00,USD,0
T00696,W0017,W0099,623385.98,2025-05-31 18:27:00,FX,0
T05995,W0003,W0020,348095.78,2025-05-31 15:58:00,BOND,0
T07607,W0026,W0017,550207.57,2025-05-31 16:59:00,BOND,0
T04286,W0005,W0047,414495.82,2025-05-31 12:06:00,FX,0
T04662,W0076,W0014,409713.93,2025-05-31 16:44:00,BOND,0
T03702,W0093,W0052,384108.42,2025-05-31 12:10:00,USD,0
T00988,W0010,W0001,548148.04,2025-05-31 16:35:00,BOND,0
T07709,W0041,W0049,1039869.42,2025-05-31 06:50:29,BOND,1
T01917,W0024,W0027,605607.09,2025-05-31 09:10:00,BOND,0
T02615,W0066,W0033,447888.47,2025-05-31 15:32:00,USD,0
T02144,W0034,W0096,474941.31,2025-05-31 13:47:00,USD,0
T03360,W0037,W0056,590266.34,2025-05-31 18:00:00,BOND,0
T04693,W0096,W0060,441149.2,2025-05-31 13:10:00,USD,0
T02795,W0068,W0072,321204.18,2025-05-31 13:25:00,BOND,0
T05757,W0017,W0020,438570.26,2025-05-31 18:49:00,USD,0
T06006,W0031,W0065,514713.58,2025-05-31 17:30:00,USD,0
T05930,W0026,W0047,613434.94,2025-05-31 11:07:00,USD,0
T05301,W0087,W0016,458781.99,2025-05-31 12:48:00,USD,0
T07957,W0035,W0049,1044398.12,2025-05-31 07:50:29,FX,1
T09041,W0033,W0037,1054868.46,2025-05-31 06:50:29,FX,1
T09882,W0042,W0095,1106216.77,2025-05-31 07:50:29,FX,1
T06089,W0078,W0044,409634.81,2025-05-31 10:45:00,FX,0
T00839,W0030,W0083,626296.88,2025-05-31 12:44:00,BOND,0
T01154,W0035,W0002,624748.87,2025-05-31 14:07:00,BOND,0
T03728,W0051,W0094,565911.32,2025-05-31 14:41:00,USD,0
T04041,W0052,W0067,648226.58,2025-05-31 18:09:00,FX,0
T09321,W0052,W0053,1044036.94,2025-05-31 07:50:29,BOND,1
T07955,W0016,W0009,1077132.96,2025-05-31 08:50:29,FX,1
T00122,W0087,W0056,387233.72,2025-05-31 15:15:00,USD,0
T01806,W0060,W0018,466592.89,2025-05-31 11:57:00,FX,0
T08964,W0003,W0005,1180764.36,2025-05-31 07:50:29,USD,1
T06713,W0091,W0034,355791.27,2025-05-31 16:05:00,USD,0
T06000,W0087,W0004,544033.6,2025-05-31 14:57:00,BOND,0
T07753,W0083,W0041,923936.19,2025-05-31 08:50:29,USD,1
T00849,W0011,W0001,662588.05,2025-05-31 13:33:00,BOND,0
T03384,W0056,W0007,570227.68,2025-05-31 16:36:00,BOND,0
T01103,W0057,W0006,554089.52,2025-05-31 09:31:00,FX,0
T08790,W0067,W0044,1081489.52,2025-05-31 08:50:29,USD,1
T03811,W0024,W0091,497963.46,2025-05-31 10:09:00,FX,0
T02798,W0085,W0006,688031.05,2025-05-31 15:43:00,USD,0
T02292,W0029,W0062,466036.63,2025-05-31 14:59:00,BOND,0
T04039,W0032,W0053,602220.89,2025-05-31 11:37:00,USD,0
T06244,W0064,W0083,430001.47,2025-05-31 11:52:00,USD,0
T06793,W0036,W0004,659296.37,2025-05-31 11:18:00,BOND,0
T00019,W0032,W0035,553920.08,2025-05-31 15:26:00,BOND,0
T03595,W0021,W0092,518597.02,2025-05-31 11:13:00,FX,0
T08540,W0008,W0034,944230.97,2025-05-31 07:50:29,FX,1
T00905,W0003,W0069,522941.64,2025-05-31 11:45:00,FX,0
T02028,W0017,W0100,554247.35,2025-05-31 09:26:00,USD,0
T00957,W0003,W0085,437759.66,2025-05-31 12:32:00,BOND,0
T08259,W0022,W0067,1174080.89,2025-05-31 07:50:29,USD,1
T04784,W0032,W0049,541277.2,2025-05-31 17:59:00,FX,0
T01671,W0025,W0100,457990.2,2025-05-31 11:31:00,USD,0
T09601,W0079,W0043,947489.87,2025-05-31 07:50:29,FX,1
T03600,W0010,W0044,495573.64,2025-05-31 12:07:00,USD,0
T00636,W0093,W0082,417893.67,2025-05-31 17:17:00,FX,0
T03474,W0087,W0014,569368.59,2025-05-31 18:37:00,FX,0
T00413,W0055,W0100,468046.54,2025-05-31 10:28:00,BOND,0
T09286,W0049,W0078,1026171.22,2025-05-31 06:50:29,USD,1
T01368,W0007,W0054,425502.84,2025-05-31 11:03:00,USD,0
T07005,W0027,W0037,506365.34,2025-05-31 17:06:00,BOND,0
T00078,W0037,W0083,422091.11,2025-05-31 17:56:00,BOND,0
T03423,W0031,W0035,522777.19,2025-05-31 09:34:00,USD,0
T01656,W0066,W0016,498316.22,2025-05-31 09:37:00,FX,0
T01743,W0028,W0069,544949.21,2025-05-31 10:14:00,USD,0
T08807,W0030,W0042,985760.81,2025-05-31 06:50:29,FX,1
T08479,W0077,W0061,923124.53,2025-05-31 06:50:29,BOND,1
T03097,W0015,W0068,497001.73,2025-05-31 12:12:00,USD,0
T00268,W0081,W0011,487869.57,2025-05-31 13:24:00,USD,0
T04571,W0044,W0061,510527.26,2025-05-31 17:29:00,BOND,0
T04793,W0069,W0019,526268.21,2025-05-31 17:01:00,FX,0
T05356,W0025,W0042,442485.58,2025-05-31 12:08:00,BOND,0
T08667,W0016,W0093,995116.23,2025-05-31 06:50:29,USD,1
T01255,W0056,W0088,507249.08,2025-05-31 13:34:00,USD,0
T02310,W0064,W0047,498518.58,2025-05-31 09:21:00,USD,0
T04190,W0053,W0002,510664.99,2025-05-31 18:07:00,USD,0
T08712,W0037,W0088,955870.75,2025-05-31 08:50:29,BOND,1
T06641,W0080,W0017,463209.39,2025-05-31 18:08:00,USD,0
T06294,W0008,W0080,521084.93,2025-05-31 09:49:00,USD,0
T02652,W0012,W0016,414922.18,2025-05-31 14:19:00,BOND,0
T04648,W0036,W0068,547998.64,2025-05-31 13:46:00,BOND,0
T08030,W0072,W0084,1163350.27,2025-05-31 08:50:29,USD,1
T00505,W0015,W0078,555587.92,2025-05-31 14:07:00,BOND,0
T06842,W0062,W0083,529859.87,2025-05-31 09:15:00,BOND,0
T06719,W0059,W0046,491214.58,2025-05-31 10:46:00,USD,0
T01995,W0018,W0081,504654.77,2025-05-31 09:30:00,FX,0
T01430,W0068,W0058,479378.38,2025-05-31 17:03:00,USD,0
T04222,W0006,W0088,483034.14,2025-05-31 09:19:00,FX,0
T02063,W0096,W0095,515838.54,2025-05-31 10:08:00,FX,0
T06274,W0057,W0026,603916.63,2025-05-31 10:33:00,FX,0
T00807,W0091,W0028,470860.53,2025-05-31 10:31:00,USD,0
T00598,W0093,W0036,608408.51,2025-05-31 12:38:00,USD,0
T06073,W0029,W0035,334035.07,2025-05-31 14:28:00,BOND,0
T04425,W0070,W0034,428872.65,2025-05-31 14:25:00,USD,0
T05847,W0041,W0072,539095.07,2025-05-31 11:55:00,BOND,0
T05986,W0076,W0014,599013.8,2025-05-31 17:39:00,BOND,0
T07896,W0057,W0031,1123362.68,2025-05-31 08:50:29,USD,1
T00912,W0062,W0063,585879.36,2025-05-31 11:52:00,USD,0
T07206,W0045,W0050,449329.57,2025-05-31 12:32:00,USD,0
T00277,W0077,W0079,486128.84,2025-05-31 16:47:00,BOND,0
T00363,W0091,W0061,449682.62,2025-05-31 17:40:00,BOND,0
T02754,W0005,W0019,589934.51,2025-05-31 18:40:00,FX,0
T09891,W0040,W0018,952533.16,2025-05-31 06:50:29,BOND,1
T09228,W0053,W0016,948801.35,2025-05-31 06:50:29,FX,1
T08347,W0086,W0011,1085353.33,2025-05-31 07:50:29,FX,1
T01661,W0051,W0055,451996.58,2025-05-31 18:57:00,BOND,0
T04731,W0076,W0056,515589.85,2025-05-31 18:03:00,USD,0
T08637,W0093,W0009,985604.8,2025-05-31 06:50:29,BOND,1
T07255,W0044,W0089,522915.26,2025-05-31 12:27:00,FX,0
T06614,W0099,W0062,626189.31,2025-05-31 11:16:00,FX,0
T06852,W0007,W0094,421117.73,2025-05-31 09:56:00,FX,0
T04877,W0066,W0100,537159.88,2025-05-31 14:26:00,BOND,0
T04875,W0048,W0058,505180.21,2025-05-31 10:01:00,BOND,0
T00240,W0100,W0002,477794.08,2025-05-31 09:57:00,BOND,0
T07513,W0090,W0031,337649.58,2025-05-31 16:07:00,USD,0
T07280,W0036,W0088,398423.36,2025-05-31 18:58:00,USD,0
T07099,W0003,W0077,559744.7,2025-05-31 11:37:00,USD,0
T02458,W0098,W0007,536716.52,2025-05-31 10:11:00,BOND,0
T01719,W0038,W0097,553014.49,2025-05-31 18:54:00,FX,0
T05153,W0009,W0090,555459.32,2025-05-31 10:44:00,BOND,0
T04689,W0048,W0084,512478.41,2025-05-31 15:23:00,BOND,0
T07672,W0030,W0037,930127.89,2025-05-31 07:50:29,BOND,1
T09274,W0092,W0098,1046818.66,2025-05-31 06:50:29,BOND,1
T01137,W0075,W0093,552656.44,2025-05-31 11:00:00,USD,0
T04460,W0038,W0063,451092.06,2025-05-31 09:21:00,FX,0
T08845,W0073,W0080,1044909.69,2025-05-31 06:50:29,BOND,1
T07558,W0043,W0049,570015.43,2025-05-31 13:30:00,FX,0
T08242,W0074,W0031,1167201.2,2025-05-31 08:50:29,FX,1
T09199,W0069,W0099,1073958.33,2025-05-31 06:50:29,FX,1
T08735,W0023,W0055,965405.59,2025-05-31 06:50:29,BOND,1
T04499,W0018,W0095,521282.66,2025-05-31 15:10:00,USD,0
T03043,W0094,W0042,605008.11,2025-05-31 10:19:00,USD,0
T05714,W0054,W0065,432021.27,2025-05-31 18:13:00,USD,0
T06030,W0094,W0090,539204.22,2025-05-31 09:23:00,FX,0
T03549,W0006,W0047,616318.86,2025-05-31 12:43:00,BOND,0
T04344,W0084,W0090,511330.03,2025-05-31 09:26:00,FX,0
T00548,W0011,W0094,636862.59,2025-05-31 09:03:00,USD,0
T07714,W0016,W0079,1045724.96,2025-05-31 06:50:29,FX,1
T00317,W0083,W0085,526678.42,2025-05-31 17:26:00,FX,0
T09972,W0061,W0026,1198366.63,2025-05-31 07:50:29,USD,1
T01133,W0059,W0028,454818.64,2025-05-31 17:31:00,USD,0
T07854,W0051,W0049,1142607.5,2025-05-31 08:50:29,FX,1
T09725,W0020,W0061,1040151.31,2025-05-31 07:50:29,FX,1
T08503,W0064,W0087,1070260.12,2025-05-31 08:50:29,FX,1
T02188,W0066,W0030,525719.88,2025-05-31 14:33:00,BOND,0
T02967,W0055,W0032,528638.83,2025-05-31 17:20:00,USD,0
T03678,W0089,W0072,503004.86,2025-05-31 14:58:00,FX,0
T07877,W0045,W0007,976654.37,2025-05-31 08:50:29,USD,1
T05072,W0094,W0054,579986.76,2025-05-31 10:46:00,FX,0
T04133,W0076,W0068,425267.73,2025-05-31 09:41:00,BOND,0
T03270,W0086,W0034,460496.0,2025-05-31 10:26:00,USD,0
T08135,W0079,W0064,919127.61,2025-05-31 08:50:29,FX,1
T00061,W0018,W0021,483051.76,2025-05-31 16:37:00,FX,0
T04827,W0014,W0093,513422.81,2025-05-31 12:32:00,USD,0
T02869,W0073,W0089,559228.9,2025-05-31 16:59:00,FX,0
T09141,W0085,W0070,983180.0,2025-05-31 08:50:29,FX,1
T04635,W0059,W0061,450499.99,2025-05-31 17:07:00,BOND,0
T05326,W0059,W0097,409554.19,2025-05-31 11:52:00,FX,0
T02801,W0028,W0011,567020.63,2025-05-31 09:39:00,BOND,0
T03504,W0067,W0075,403999.15,2025-05-31 16:40:00,FX,0
T03973,W0011,W0049,419323.7,2025-05-31 18:43:00,USD,0
T08972,W0021,W0073,1055323.29,2025-05-31 07:50:29,FX,1
T01221,W0010,W0088,439184.44,2025-05-31 12:13:00,BOND,0
T05393,W0035,W0066,382721.85,2025-05-31 10:47:00,FX,0
T06423,W0025,W0043,341894.38,2025-05-31 18:08:00,USD,0
T02867,W0049,W0054,527317.93,2025-05-31 12:51:00,USD,0
T03499,W0026,W0092,425472.3,2025-05-31 10:16:00,USD,0
T06668,W0027,W0039,536659.08,2025-05-31 11:12:00,FX,0
T06242,W0032,W0060,385150.45,2025-05-31 18:11:00,USD,0
T04369,W0022,W0034,517485.49,2025-05-31 15:13:00,USD,0
T02643,W0074,W0021,450584.48,2025-05-31 09:33:00,FX,0
T04204,W0025,W0097,572167.2,2025-05-31 09:37:00,USD,0
T05157,W0075,W0080,407867.95,2025-05-31 12:22:00,USD,0
T09842,W0005,W0045,920353.21,2025-05-31 06:50:29,FX,1
T06496,W0047,W0051,453455.55,2025-05-31 15:21:00,BOND,0
T09165,W0013,W0026,1082519.22,2025-05-31 07:50:29,BOND,1
T01924,W0071,W0064,571013.23,2025-05-31 14:14:00,FX,0
T04676,W0038,W0044,553375.7,2025-05-31 11:49:00,FX,0
T07560,W0072,W0032,485402.18,2025-05-31 11:32:00,BOND,0
T08294,W0022,W0005,1084250.21,2025-05-31 06:50:29,BOND,1
T00975,W0062,W0078,588401.25,2025-05-31 12:42:00,USD,0
T04034,W0067,W0013,499273.91,2025-05-31 15:37:00,BOND,0
T06168,W0003,W0058,557735.94,2025-05-31 14:02:00,FX,0
T06467,W0067,W0079,552063.66,2025-05-31 09:39:00,FX,0
T09476,W0034,W0078,1032901.35,2025-05-31 07:50:29,BOND,1
T06631,W0094,W0030,491588.79,2025-05-31 10:49:00,BOND,0
T04711,W0053,W0062,650274.38,2025-05-31 10:03:00,FX,0
T02386,W0004,W0048,397024.77,2025-05-31 16:22:00,USD,0
T03733,W0056,W0093,499708.93,2025-05-31 09:02:00,FX,0
T04610,W0076,W0068,496853.25,2025-05-31 09:44:00,USD,0
T03690,W0031,W0078,501065.67,2025-05-31 11:29:00,BOND,0
T01044,W0097,W0089,389315.32,2025-05-31 16:06:00,USD,0
T03704,W0045,W0071,526417.99,2025-05-31 17:58:00,FX,0
T04060,W0049,W0098,446233.16,2025-05-31 15:38:00,USD,0
T07737,W0005,W0083,1123610.11,2025-05-31 06:50:29,BOND,1
T04421,W0096,W0073,585407.92,2025-05-31 17:21:00,BOND,0
T01815,W0076,W0058,579731.62,2025-05-31 15:45:00,USD,0
T03014,W0087,W0024,371906.12,2025-05-31 10:12:00,BOND,0
T00130,W0061,W0007,608001.78,2025-05-31 14:14:00,BOND,0
T00872,W0073,W0033,577550.83,2025-05-31 12:05:00,FX,0
T00587,W0004,W0011,597948.58,2025-05-31 14:43:00,BOND,0
T01823,W0020,W0067,517325.54,2025-05-31 13:51:00,FX,0
T03284,W0013,W0087,504934.7,2025-05-31 14:51:00,BOND,0
T02669,W0061,W0070,667596.31,2025-05-31 14:21:00,FX,0
T01471,W0038,W0016,485220.22,2025-05-31 10:48:00,BOND,0
T06541,W0003,W0041,579261.28,2025-05-31 15:12:00,BOND,0
T00341,W0043,W0022,550506.29,2025-05-31 17:13:00,BOND,0
T07426,W0001,W0072,534597.69,2025-05-31 14:45:00,BOND,0
T01712,W0054,W0056,419898.13,2025-05-31 09:51:00,FX,0
T04241,W0028,W0009,423408.0,2025-05-31 13:17:00,FX,0
T06122,W0034,W0045,549613.58,2025-05-31 17:28:00,FX,0
T09258,W0070,W0072,1127329.63,2025-05-31 06:50:29,BOND,1
T08959,W0024,W0089,1119613.35,2025-05-31 07:50:29,BOND,1
T09575,W0038,W0020,968754.83,2025-05-31 07:50:29,FX,1
T00832,W0003,W0076,600601.41,2025-05-31 18:03:00,USD,0
T07219,W0025,W0042,696112.81,2025-05-31 14:22:00,BOND,0
T05252,W0093,W0073,503343.44,2025-05-31 11:34:00,FX,0
T04892,W0028,W0093,401233.78,2025-05-31 18:09:00,USD,0
T01320,W0060,W0096,434015.15,2025-05-31 13:23:00,BOND,0
T01792,W0047,W0066,382047.76,2025-05-31 09:44:00,BOND,0
T05557,W0027,W0032,383984.63,2025-05-31 12:28:00,FX,0
T08781,W0064,W0028,916980.97,2025-05-31 07:50:29,BOND,1
T09851,W0092,W0075,1036217.62,2025-05-31 06:50:29,BOND,1
T09356,W0092,W0093,1164366.05,2025-05-31 08:50:29,BOND,1
T04357,W0099,W0089,477828.43,2025-05-31 16:26:00,USD,0
T07824,W0071,W0097,911879.79,2025-05-31 08:50:29,FX,1
T07884,W0042,W0062,1089093.28,2025-05-31 08:50:29,BOND,1
T09837,W0041,W0094,1147885.23,2025-05-31 07:50:29,USD,1
T08562,W0069,W0092,1150438.51,2025-05-31 08:50:29,USD,1
T04324,W0038,W0093,435373.58,2025-05-31 14:53:00,FX,0
T07115,W0068,W0074,459996.07,2025-05-31 13:11:00,FX,0
T08300,W0067,W0055,1029694.02,2025-05-31 07:50:29,FX,1
T06596,W0095,W0028,545319.29,2025-05-31 11:02:00,FX,0
T04591,W0080,W0005,373216.23,2025-05-31 09:01:00,USD,0
T01851,W0071,W0028,474968.62,2025-05-31 17:36:00,BOND,0
T04011,W0092,W0018,405693.87,2025-05-31 09:19:00,USD,0
T04295,W0067,W0086,510172.87,2025-05-31 12:41:00,USD,0
T03561,W0091,W0091,533260.87,2025-05-31 13:11:00,FX,0
T08356,W0018,W0014,1141229.61,2025-05-31 07:50:29,FX,1
T06929,W0075,W0100,454336.29,2025-05-31 12:21:00,BOND,0
T08664,W0085,W0019,973842.06,2025-05-31 08:50:29,FX,1
T09815,W0064,W0011,996065.07,2025-05-31 07:50:29,USD,1
T01972,W0039,W0017,568536.49,2025-05-31 10:43:00,USD,0
T08039,W0082,W0045,1099339.26,2025-05-31 06:50:29,FX,1
T01222,W0028,W0100,574463.81,2025-05-31 11:08:00,FX,0
T05411,W0008,W0074,438365.4,2025-05-31 18:05:00,BOND,0
T07448,W0045,W0034,553452.19,2025-05-31 18:56:00,BOND,0
T08764,W0051,W0084,973839.98,2025-05-31 07:50:29,BOND,1
T07046,W0025,W0003,450754.17,2025-05-31 14:12:00,FX,0
T01073,W0023,W0076,470370.55,2025-05-31 17:56:00,FX,0
T05433,W0020,W0052,592524.35,2025-05-31 14:42:00,USD,0
T02787,W0003,W0008,409810.82,2025-05-31 10:16:00,USD,0
T06923,W0077,W0091,499017.13,2025-05-31 15:37:00,FX,0
T05732,W0095,W0072,476631.37,2025-05-31 17:58:00,FX,0
T07267,W0033,W0048,631602.15,2025-05-31 15:49:00,USD,0
T01364,W0059,W0042,618811.96,2025-05-31 15:52:00,FX,0
T07612,W0055,W0054,429633.04,2025-05-31 10:15:00,BOND,0
T04641,W0005,W0048,465205.38,2025-05-31 13:59:00,BOND,0
T03239,W0089,W0031,550752.11,2025-05-31 14:56:00,BOND,0
T09248,W0068,W0100,1087672.52,2025-05-31 08:50:29,BOND,1
T02707,W0062,W0083,314070.46,2025-05-31 10:54:00,FX,0
T08444,W0083,W0049,978236.66,2025-05-31 08:50:29,BOND,1
T06258,W0018,W0055,518941.78,2025-05-31 09:37:00,FX,0
T09548,W0073,W0021,1148089.14,2025-05-31 08:50:29,FX,1
T04856,W0092,W0041,429351.34,2025-05-31 16:44:00,USD,0
T01826,W0087,W0074,694809.77,2025-05-31 09:38:00,FX,0
T06158,W0059,W0090,556044.19,2025-05-31 15:01:00,FX,0
T04861,W0092,W0065,494152.61,2025-05-31 16:12:00,FX,0
T01768,W0038,W0044,568768.25,2025-05-31 09:29:00,BOND,0
T03303,W0076,W0082,468082.21,2025-05-31 13:37:00,BOND,0
T05572,W0009,W0059,505570.51,2025-05-31 11:20:00,USD,0
T07826,W0001,W0041,1144546.33,2025-05-31 08:50:29,USD,1
T06763,W0087,W0028,545961.03,2025-05-31 09:03:00,FX,0
T09529,W0073,W0010,922238.99,2025-05-31 06:50:29,USD,1
T06379,W0060,W0012,379390.88,2025-05-31 12:21:00,FX,0
T04882,W0050,W0024,484631.21,2025-05-31 18:41:00,FX,0
T04802,W0065,W0059,512309.27,2025-05-31 14:37:00,FX,0
T06535,W0099,W0005,578850.12,2025-05-31 18:12:00,USD,0
T02172,W0081,W0048,526268.28,2025-05-31 17:34:00,FX,0
T04087,W0100,W0066,425703.95,2025-05-31 18:38:00,FX,0
T02064,W0049,W0023,386334.47,2025-05-31 12:12:00,USD,0
T04872,W0056,W0035,469130.77,2025-05-31 10:30:00,BOND,0
T08142,W0037,W0003,949922.43,2025-05-31 08:50:29,USD,1
T08542,W0083,W0026,1159141.64,2025-05-31 06:50:29,USD,1
T05997,W0053,W0046,640228.98,2025-05-31 11:50:00,USD,0
T06847,W0060,W0035,510183.66,2025-05-31 11:52:00,USD,0
T01561,W0012,W0025,428373.88,2025-05-31 15:25:00,FX,0
T00095,W0068,W0079,605771.85,2025-05-31 15:07:00,USD,0
T09853,W0018,W0029,1091691.52,2025-05-31 07:50:29,FX,1
T05142,W0010,W0009,446124.44,2025-05-31 16:18:00,USD,0
T07472,W0013,W0011,310321.15,2025-05-31 10:46:00,FX,0
T09571,W0057,W0071,1065142.88,2025-05-31 06:50:29,FX,1
T00920,W0001,W0090,473633.51,2025-05-31 18:13:00,USD,0
T00842,W0008,W0051,498367.44,2025-05-31 12:00:00,USD,0
T03782,W0060,W0077,321497.45,2025-05-31 14:01:00,FX,0
T08040,W0001,W0063,1008661.41,2025-05-31 06:50:29,USD,1
T06497,W0095,W0053,635543.64,2025-05-31 12:55:00,USD,0
T03607,W0055,W0013,396056.91,2025-05-31 09:25:00,USD,0
T06523,W0049,W0099,410157.93,2025-05-31 10:09:00,USD,0
T04950,W0066,W0020,507368.97,2025-05-31 16:21:00,FX,0
T07791,W0030,W0025,990995.94,2025-05-31 08:50:29,USD,1
T00968,W0063,W0015,494462.29,2025-05-31 11:27:00,FX,0
T03246,W0067,W0004,597279.92,2025-05-31 17:44:00,USD,0
T09630,W0075,W0030,1045042.63,2025-05-31 06:50:29,USD,1
T06567,W0028,W0003,433963.33,2025-05-31 09:09:00,USD,0
T05703,W0092,W0090,524139.85,2025-05-31 17:59:00,BOND,0
T01218,W0001,W0098,497794.12,2025-05-31 14:13:00,USD,0
T00011,W0057,W0035,578177.45,2025-05-31 09:23:00,FX,0
T01711,W0016,W0045,499140.34,2025-05-31 11:02:00,FX,0
T04743,W0054,W0089,372508.95,2025-05-31 17:36:00,USD,0
T09064,W0044,W0058,1179479.5,2025-05-31 08:50:29,BOND,1
T08663,W0089,W0007,1060633.59,2025-05-31 06:50:29,FX,1
T03901,W0015,W0094,497459.83,2025-05-31 12:55:00,BOND,0
T01639,W0057,W0046,525936.09,2025-05-31 15:42:00,FX,0
T06870,W0029,W0010,547966.89,2025-05-31 13:49:00,BOND,0
T05256,W0027,W0022,568657.37,2025-05-31 11:41:00,USD,0
T07141,W0002,W0002,451366.74,2025-05-31 10:23:00,FX,0
T04741,W0012,W0012,411242.16,2025-05-31 14:52:00,BOND,0
T01898,W0008,W0064,514528.67,2025-05-31 10:41:00,FX,0
T04774,W0018,W0036,595713.72,2025-05-31 15:18:00,BOND,0
T08771,W0052,W0039,1064784.93,2025-05-31 06:50:29,BOND,1
T02174,W0026,W0082,421974.36,2025-05-31 16:25:00,BOND,0
T02084,W0030,W0044,458626.18,2025-05-31 10:54:00,USD,0
T01506,W0021,W0046,580772.09,2025-05-31 09:04:00,FX,0
T08172,W0053,W0016,1010839.31,2025-05-31 07:50:29,FX,1
T04254,W0026,W0099,435064.84,2025-05-31 12:11:00,USD,0
T03037,W0072,W0060,520571.88,2025-05-31 16:10:00,USD,0
T00936,W0005,W0056,294074.24,2025-05-31 13:03:00,FX,0
T04429,W0004,W0031,389710.93,2025-05-31 15:26:00,BOND,0
T03617,W0071,W0019,477102.43,2025-05-31 18:25:00,BOND,0
T02786,W0086,W0038,501134.94,2025-05-31 16:05:00,BOND,0
T00719,W0076,W0075,346760.59,2025-05-31 13:48:00,USD,0
T07627,W0091,W0010,568829.27,2025-05-31 10:34:00,FX,0
T01276,W0031,W0062,492022.59,2025-05-31 16:27:00,USD,0
T06656,W0092,W0051,569974.42,2025-05-31 10:44:00,FX,0
T06612,W0077,W0005,585452.63,2025-05-31 11:39:00,USD,0
T08620,W0090,W0068,973328.93,2025-05-31 07:50:29,BOND,1
T06710,W0100,W0080,564807.54,2025-05-31 16:42:00,BOND,0
T05676,W0059,W0095,397665.15,2025-05-31 15:59:00,BOND,0
T01976,W0090,W0080,553841.49,2025-05-31 11:54:00,USD,0
T07563,W0017,W0099,579711.45,2025-05-31 11:11:00,FX,0
T04057,W0043,W0068,454989.11,2025-05-31 11:08:00,FX,0
T02977,W0054,W0092,445170.03,2025-05-31 11:34:00,USD,0
T01562,W0028,W0027,463558.51,2025-05-31 12:02:00,USD,0
T07373,W0081,W0034,329309.35,2025-05-31 16:59:00,FX,0
T01580,W0021,W0098,508216.13,2025-05-31 12:54:00,USD,0
T04922,W0042,W0003,480221.4,2025-05-31 16:58:00,BOND,0
T03340,W0056,W0097,492667.16,2025-05-31 09:39:00,BOND,0
T07169,W0038,W0060,520251.11,2025-05-31 13:14:00,FX,0
T01033,W0012,W0065,517804.25,2025-05-31 17:55:00,BOND,0
T02711,W0079,W0067,455042.03,2025-05-31 10:54:00,FX,0
T06243,W0022,W0092,526764.59,2025-05-31 17:04:00,USD,0
T03428,W0083,W0089,585930.32,2025-05-31 11:25:00,BOND,0
T02904,W0071,W0019,443784.83,2025-05-31 11:53:00,BOND,0
T09738,W0058,W0066,1118579.95,2025-05-31 07:50:29,USD,1
T01731,W0005,W0064,615448.87,2025-05-31 12:51:00,FX,0
T03746,W0037,W0013,570043.45,2025-05-31 13:04:00,FX,0
T04169,W0081,W0028,685340.85,2025-05-31 09:31:00,USD,0
T01952,W0076,W0037,530091.74,2025-05-31 14:41:00,USD,0
T07004,W0082,W0096,472694.74,2025-05-31 12:58:00,BOND,0
T07092,W0019,W0097,485962.47,2025-05-31 13:15:00,FX,0
T00037,W0076,W0047,490109.59,2025-05-31 18:10:00,USD,0
T04165,W0073,W0060,522263.66,2025-05-31 11:28:00,FX,0
T07162,W0098,W0039,410276.67,2025-05-31 13:15:00,USD,0
T09230,W0031,W0021,953730.99,2025-05-31 08:50:29,BOND,1
T02857,W0053,W0078,424701.82,2025-05-31 18:53:00,FX,0
T03896,W0040,W0078,402951.6,2025-05-31 18:26:00,BOND,0
T05425,W0058,W0091,464820.44,2025-05-31 14:42:00,USD,0
T09886,W0038,W0080,1118243.31,2025-05-31 06:50:29,BOND,1
T02253,W0057,W0057,454896.51,2025-05-31 10:38:00,FX,0
T02282,W0022,W0074,508688.23,2025-05-31 10:16:00,FX,0
T00753,W0088,W0056,529216.58,2025-05-31 15:12:00,FX,0
T01611,W0048,W0018,486375.06,2025-05-31 16:42:00,BOND,0
T09502,W0057,W0018,1138811.81,2025-05-31 08:50:29,FX,1
T06384,W0018,W0095,448848.45,2025-05-31 16:35:00,BOND,0
T04975,W0080,W0005,424710.72,2025-05-31 13:26:00,USD,0
T01346,W0006,W0004,544120.91,2025-05-31 11:49:00,USD,0
T06578,W0010,W0038,512026.96,2025-05-31 18:53:00,BOND,0
T00437,W0035,W0025,575781.89,2025-05-31 18:59:00,FX,0
T07843,W0054,W0099,1066254.12,2025-05-31 07:50:29,FX,1
T09523,W0032,W0011,1013964.36,2025-05-31 06:50:29,BOND,1
T06876,W0030,W0085,536680.71,2025-05-31 17:27:00,USD,0
T00134,W0023,W0025,377304.67,2025-05-31 15:13:00,FX,0
T08217,W0016,W0047,1159394.82,2025-05-31 07:50:29,FX,1
T05175,W0041,W0060,406499.24,2025-05-31 09:31:00,FX,0
T03444,W0098,W0080,392691.69,2025-05-31 16:29:00,USD,0
T02677,W0083,W0033,488931.93,2025-05-31 16:59:00,USD,0
T05417,W0064,W0054,551313.18,2025-05-31 11:29:00,USD,0
T09679,W0027,W0070,1002227.87,2025-05-31 06:50:29,USD,1
T08117,W0050,W0064,1082380.84,2025-05-31 08:50:29,FX,1
T06690,W0066,W0049,471957.99,2025-05-31 11:19:00,USD,0
T03257,W0070,W0007,547258.82,2025-05-31 17:00:00,USD,0
T02678,W0026,W0049,417621.54,2025-05-31 12:57:00,BOND,0
T07025,W0024,W0051,528293.62,2025-05-31 13:00:00,FX,0
T02113,W0006,W0073,598685.8,2025-05-31 10:30:00,FX,0
T06589,W0085,W0072,569863.36,2025-05-31 11:44:00,FX,0
T08772,W0014,W0022,1013631.57,2025-05-31 06:50:29,FX,1
T08933,W0088,W0066,961461.65,2025-05-31 08:50:29,USD,1
T01803,W0038,W0092,535522.32,2025-05-31 11:09:00,USD,0
T01566,W0068,W0080,469073.34,2025-05-31 12:07:00,USD,0
T09097,W0018,W0052,1086340.42,2025-05-31 07:50:29,BOND,1
T06773,W0011,W0083,619188.29,2025-05-31 15:16:00,FX,0
T06817,W0051,W0042,446726.22,2025-05-31 09:49:00,FX,0
T08887,W0034,W0028,1082019.72,2025-05-31 06:50:29,USD,1
T06337,W0012,W0065,488571.46,2025-05-31 11:36:00,FX,0
T00991,W0017,W0026,551427.44,2025-05-31 17:51:00,USD,0
T03126,W0079,W0048,435513.66,2025-05-31 18:48:00,BOND,0
T00795,W0006,W0029,427203.76,2025-05-31 13:48:00,FX,0
T07604,W0097,W0079,629051.96,2025-05-31 16:05:00,BOND,0
T06378,W0038,W0056,534975.16,2025-05-31 18:58:00,FX,0
T04905,W0076,W0066,460558.49,2025-05-31 12:54:00,FX,0
T03135,W0097,W0080,516270.46,2025-05-31 17:42:00,BOND,0
T09617,W0027,W0068,1040967.47,2025-05-31 06:50:29,BOND,1
T07323,W0074,W0060,417170.96,2025-05-31 17:06:00,USD,0
T09705,W0038,W0063,1148453.33,2025-05-31 08:50:29,USD,1
T04289,W0037,W0004,406536.73,2025-05-31 10:28:00,FX,0
T09998,W0043,W0091,945888.12,2025-05-31 06:50:29,BOND,1
T00943,W0064,W0039,403340.89,2025-05-31 13:16:00,BOND,0
T05700,W0007,W0044,472208.53,2025-05-31 11:37:00,BOND,0
T07987,W0096,W0039,1193780.9,2025-05-31 07:50:29,FX,1
T07629,W0037,W0029,477439.98,2025-05-31 12:49:00,BOND,0
T06797,W0055,W0099,548895.01,2025-05-31 09:40:00,BOND,0
T06277,W0064,W0091,472733.96,2025-05-31 09:57:00,BOND,0
T05180,W0045,W0058,481858.03,2025-05-31 15:16:00,USD,0
T03035,W0036,W0075,444313.27,2025-05-31 11:54:00,BOND,0
T02856,W0070,W0074,577247.85,2025-05-31 10:42:00,BOND,0
T08614,W0027,W0074,1104953.73,2025-05-31 07:50:29,BOND,1
T09996,W0014,W0073,1017812.6,2025-05-31 06:50:29,BOND,1
T03032,W0008,W0064,330534.86,2025-05-31 17:19:00,USD,0
T05309,W0017,W0015,635199.71,2025-05-31 13:05:00,BOND,0
T03858,W0041,W0054,592961.29,2025-05-31 13:55:00,BOND,0
T02202,W0043,W0085,601389.68,2025-05-31 14:26:00,FX,0
T02813,W0024,W0060,449858.32,2025-05-31 13:48:00,BOND,0
T00379,W0097,W0096,447800.41,2025-05-31 13:47:00,FX,0
T06380,W0049,W0086,617782.55,2025-05-31 10:33:00,BOND,0
T03040,W0061,W0065,537941.08,2025-05-31 09:49:00,BOND,0
T01215,W0036,W0033,397511.03,2025-05-31 11:17:00,FX,0
T03357,W0065,W0008,511331.43,2025-05-31 17:08:00,USD,0
T05231,W0010,W0074,385437.87,2025-05-31 16:34:00,BOND,0
T03943,W0044,W0085,493419.47,2025-05-31 14:36:00,USD,0
T09727,W0058,W0064,1002958.09,2025-05-31 08:50:29,BOND,1
T07986,W0051,W0049,1144132.51,2025-05-31 08:50:29,BOND,1
T02933,W0085,W0041,414480.86,2025-05-31 10:46:00,USD,0
T08497,W0010,W0044,1051252.63,2025-05-31 08:50:29,USD,1
T09053,W0015,W0026,1177968.47,2025-05-31 06:50:29,FX,1
T06280,W0072,W0009,561209.37,2025-05-31 14:56:00,FX,0
T07920,W0004,W0037,930957.1,2025-05-31 07:50:29,USD,1
T08787,W0080,W0018,992484.3,2025-05-31 06:50:29,BOND,1
T02279,W0056,W0052,447397.16,2025-05-31 18:02:00,FX,0
T09183,W0066,W0053,1169299.8,2025-05-31 08:50:29,BOND,1
T07768,W0015,W0098,1096400.46,2025-05-31 07:50:29,USD,1
T04995,W0067,W0067,231547.25,2025-05-31 10:52:00,BOND,0
T03223,W0029,W0017,437420.92,2025-05-31 17:46:00,BOND,0
T07446,W0076,W0052,390934.22,2025-05-31 09:15:00,FX,0
T09731,W0015,W0054,1099200.72,2025-05-31 07:50:29,FX,1
T03319,W0002,W0001,606818.5,2025-05-31 14:04:00,BOND,0
T09193,W0096,W0044,1062357.23,2025-05-31 07:50:29,BOND,1
T03351,W0054,W0055,371692.72,2025-05-31 13:09:00,FX,0
T02306,W0079,W0095,435535.11,2025-05-31 11:09:00,USD,0
T09933,W0007,W0043,1142188.21,2025-05-31 06:50:29,FX,1
T05249,W0056,W0087,605090.04,2025-05-31 15:51:00,BOND,0
T07745,W0010,W0030,1072960.64,2025-05-31 07:50:29,FX,1
T05380,W0058,W0057,691613.03,2025-05-31 11:00:00,BOND,0
T08625,W0056,W0030,1023166.47,2025-05-31 08:50:29,USD,1
T02052,W0002,W0068,413920.51,2025-05-31 17:00:00,USD,0
T01791,W0014,W0036,324561.96,2025-05-31 14:53:00,FX,0
T06901,W0092,W0044,663020.28,2025-05-31 13:50:00,USD,0
T02602,W0051,W0009,509249.35,2025-05-31 11:01:00,BOND,0
T06493,W0090,W0043,622779.65,2025-05-31 17:26:00,FX,0
T05664,W0056,W0060,368791.68,2025-05-31 09:30:00,FX,0
T02599,W0062,W0087,330538.29,2025-05-31 18:59:00,FX,0
T00194,W0060,W0062,391459.48,2025-05-31 15:13:00,FX,0
T06327,W0054,W0035,449645.7,2025-05-31 18:48:00,FX,0
T01442,W0055,W0079,521626.73,2025-05-31 18:14:00,USD,0
T07122,W0051,W0068,471357.78,2025-05-31 10:22:00,FX,0
T06602,W0038,W0037,432689.03,2025-05-31 11:34:00,BOND,0
T05195,W0013,W0085,607701.78,2025-05-31 09:56:00,BOND,0
T08870,W0010,W0046,1133596.1,2025-05-31 08:50:29,BOND,1
T03133,W0023,W0088,545099.82,2025-05-31 16:41:00,USD,0
T00840,W0059,W0057,526313.48,2025-05-31 17:46:00,BOND,0
T01148,W0097,W0084,540943.26,2025-05-31 14:58:00,USD,0
T09324,W0045,W0076,1094798.09,2025-05-31 07:50:29,BOND,1
T05324,W0067,W0076,546748.9,2025-05-31 18:44:00,BOND,0
T02728,W0088,W0007,610605.88,2025-05-31 13:13:00,FX,0
T05999,W0063,W0072,504842.39,2025-05-31 14:44:00,BOND,0
T08440,W0042,W0100,1001537.14,2025-05-31 06:50:29,BOND,1
T01606,W0083,W0011,483924.26,2025-05-31 18:55:00,USD,0
T09915,W0027,W0004,935497.65,2025-05-31 08:50:29,USD,1
T05096,W0057,W0049,496953.41,2025-05-31 11:10:00,USD,0
T09418,W0066,W0042,1032263.07,2025-05-31 07:50:29,BOND,1
T02548,W0032,W0080,351214.45,2025-05-31 12:14:00,USD,0
T05956,W0035,W0073,397300.64,2025-05-31 18:03:00,BOND,0
T07611,W0033,W0051,395801.03,2025-05-31 18:49:00,FX,0
T01717,W0061,W0081,550301.99,2025-05-31 10:25:00,USD,0
T05573,W0071,W0068,536336.36,2025-05-31 14:43:00,FX,0
T07744,W0029,W0054,1007972.79,2025-05-31 06:50:29,FX,1
T08361,W0032,W0080,906072.54,2025-05-31 06:50:29,BOND,1
T00035,W0041,W0020,611462.67,2025-05-31 10:25:00,BOND,0
T04538,W0050,W0009,432017.86,2025-05-31 12:45:00,USD,0
T05015,W0042,W0012,502048.16,2025-05-31 14:14:00,FX,0
T05342,W0038,W0008,322193.58,2025-05-31 12:40:00,BOND,0
T01165,W0023,W0024,630397.48,2025-05-31 13:07:00,FX,0
T04246,W0080,W0015,561849.48,2025-05-31 14:12:00,USD,0
T07376,W0056,W0015,573039.64,2025-05-31 12:14:00,USD,0
T08576,W0077,W0073,1049953.86,2025-05-31 08:50:29,USD,1
T05432,W0054,W0082,537900.68,2025-05-31 16:21:00,USD,0
T04652,W0074,W0089,525360.88,2025-05-31 18:10:00,USD,0
T05737,W0005,W0037,540151.53,2025-05-31 16:19:00,FX,0
T04991,W0049,W0038,449900.48,2025-05-31 11:34:00,FX,0
T09149,W0088,W0007,1097542.93,2025-05-31 07:50:29,FX,1
T06992,W0036,W0055,500098.01,2025-05-31 11:17:00,BOND,0
T07417,W0017,W0038,427531.54,2025-05-31 15:15:00,BOND,0
T03102,W0076,W0054,501123.18,2025-05-31 13:07:00,BOND,0
T04439,W0001,W0059,407532.72,2025-05-31 16:25:00,USD,0
T07866,W0064,W0081,1072894.63,2025-05-31 08:50:29,USD,1
T02818,W0099,W0060,495721.34,2025-05-31 18:19:00,USD,0
T07601,W0015,W0032,515571.8,2025-05-31 12:49:00,USD,0
T06042,W0071,W0007,549483.84,2025-05-31 16:47:00,FX,0
T00100,W0051,W0033,408841.15,2025-05-31 15:02:00,USD,0
T02644,W0057,W0091,564866.05,2025-05-31 18:41:00,FX,0
T04393,W0052,W0008,451621.05,2025-05-31 11:42:00,USD,0
T04013,W0099,W0050,536822.08,2025-05-31 16:45:00,BOND,0
T02289,W0084,W0070,396015.22,2025-05-31 10:18:00,FX,0
T04292,W0065,W0093,553315.99,2025-05-31 14:09:00,USD,0
T03092,W0063,W0060,400135.66,2025-05-31 15:42:00,USD,0
T01985,W0067,W0049,522838.95,2025-05-31 15:18:00,USD,0
T04773,W0077,W0045,484159.76,2025-05-31 10:05:00,BOND,0
T07561,W0084,W0067,520178.86,2025-05-31 10:14:00,BOND,0
T06355,W0039,W0009,593575.03,2025-05-31 11:53:00,FX,0
T06403,W0028,W0013,253877.88,2025-05-31 13:17:00,USD,0
T01534,W0019,W0042,520980.57,2025-05-31 18:41:00,FX,0
T00600,W0018,W0071,484532.64,2025-05-31 12:23:00,USD,0
T01085,W0086,W0029,497302.13,2025-05-31 14:46:00,FX,0
T07895,W0070,W0026,1045422.64,2025-05-31 08:50:29,FX,1
T03374,W0027,W0088,525400.86,2025-05-31 09:20:00,BOND,0
T06224,W0085,W0030,479859.91,2025-05-31 14:16:00,BOND,0
T04232,W0077,W0037,637728.8,2025-05-31 17:44:00,BOND,0
T04312,W0051,W0078,469910.8,2025-05-31 14:43:00,BOND,0
T01058,W0009,W0072,409356.04,2025-05-31 17:00:00,USD,0
T01596,W0002,W0008,412508.34,2025-05-31 11:16:00,BOND,0
T05942,W0008,W0088,581936.8,2025-05-31 10:10:00,USD,0
T05446,W0089,W0051,685244.16,2025-05-31 09:01:00,FX,0
T01204,W0096,W0015,597484.07,2025-05-31 17:42:00,FX,0
T05977,W0046,W0037,380366.52,2025-05-31 12:49:00,BOND,0
T02950,W0047,W0071,565728.34,2025-05-31 09:06:00,USD,0
T00357,W0050,W0096,428561.37,2025-05-31 15:42:00,USD,0
T08727,W0084,W0090,993097.0,2025-05-31 07:50:29,USD,1
T07436,W0077,W0047,472382.44,2025-05-31 18:18:00,USD,0
T06642,W0029,W0098,430147.03,2025-05-31 09:09:00,FX,0
T08268,W0038,W0057,1131532.34,2025-05-31 07:50:29,USD,1
T00610,W0098,W0037,395105.66,2025-05-31 17:22:00,FX,0
T01076,W0042,W0048,509499.84,2025-05-31 11:22:00,FX,0
T02002,W0088,W0038,437495.58,2025-05-31 12:57:00,FX,0
T02567,W0032,W0095,351697.24,2025-05-31 17:31:00,USD,0
T03575,W0040,W0071,466467.14,2025-05-31 10:28:00,USD,0
T09527,W0070,W0067,928207.5,2025-05-31 08:50:29,BOND,1
T03279,W0008,W0078,383388.53,2025-05-31 18:45:00,USD,0
T08431,W0008,W0069,946743.96,2025-05-31 08:50:29,USD,1
T01216,W0021,W0081,402541.45,2025-05-31 18:06:00,BOND,0
T06124,W0091,W0024,570539.1,2025-05-31 16:32:00,USD,0
T05187,W0081,W0091,489994.37,2025-05-31 12:17:00,BOND,0
T00107,W0062,W0039,460553.01,2025-05-31 11:29:00,USD,0
T00785,W0082,W0028,480796.07,2025-05-31 11:44:00,BOND,0
T09116,W0097,W0003,1095546.38,2025-05-31 07:50:29,USD,1
T00242,W0068,W0028,522548.16,2025-05-31 14:49:00,BOND,0
T04322,W0041,W0022,513085.83,2025-05-31 16:26:00,BOND,0
T08851,W0070,W0041,1161025.7,2025-05-31 07:50:29,BOND,1
T01275,W0093,W0063,488621.21,2025-05-31 15:11:00,USD,0
T01615,W0079,W0063,480761.51,2025-05-31 13:04:00,FX,0
T08983,W0059,W0064,1017151.91,2025-05-31 06:50:29,USD,1
T02805,W0096,W0098,538800.47,2025-05-31 11:07:00,BOND,0
T05877,W0088,W0054,443155.67,2025-05-31 10:00:00,USD,0
T02030,W0083,W0064,558550.22,2025-05-31 10:02:00,FX,0
T01421,W0093,W0087,505144.44,2025-05-31 15:47:00,BOND,0
T07667,W0008,W0066,961759.57,2025-05-31 06:50:29,FX,1
T07077,W0084,W0079,666204.67,2025-05-31 12:05:00,FX,0
T04337,W0070,W0017,587880.75,2025-05-31 11:54:00,USD,0
T01761,W0064,W0093,556602.84,2025-05-31 18:57:00,BOND,0
T02770,W0067,W0012,468728.8,2025-05-31 12:08:00,FX,0
T05639,W0016,W0086,444978.63,2025-05-31 18:00:00,USD,0
T01660,W0006,W0059,480857.34,2025-05-31 18:17:00,FX,0
T07805,W0071,W0091,1068782.24,2025-05-31 07:50:29,BOND,1
T00634,W0090,W0099,561922.97,2025-05-31 12:08:00,BOND,0
T07503,W0052,W0014,450998.03,2025-05-31 15:05:00,USD,0
T08912,W0036,W0003,982788.44,2025-05-31 06:50:29,BOND,1
T09667,W0084,W0093,924202.75,2025-05-31 07:50:29,FX,1
T09279,W0090,W0072,987240.3,2025-05-31 08:50:29,BOND,1
T02235,W0015,W0099,598636.66,2025-05-31 13:03:00,USD,0
T06837,W0079,W0051,522070.38,2025-05-31 10:20:00,FX,0
T05427,W0080,W0028,552123.68,2025-05-31 13:03:00,FX,0
T07518,W0075,W0099,503332.22,2025-05-31 11:10:00,USD,0
T04296,W0050,W0023,375112.23,2025-05-31 10:17:00,USD,0
T00243,W0088,W0004,479933.98,2025-05-31 14:14:00,BOND,0
T04938,W0068,W0027,505943.39,2025-05-31 15:38:00,FX,0
T07510,W0030,W0097,576785.16,2025-05-31 17:18:00,USD,0
T03683,W0017,W0051,750641.15,2025-05-31 18:56:00,FX,0
T06982,W0039,W0047,540624.47,2025-05-31 14:22:00,FX,0
T08092,W0050,W0064,957461.58,2025-05-31 07:50:29,BOND,1
T03830,W0060,W0058,485936.98,2025-05-31 09:02:00,BOND,0
T06745,W0053,W0043,562506.67,2025-05-31 12:29:00,FX,0
T01950,W0061,W0092,588294.23,2025-05-31 11:48:00,FX,0
T01082,W0076,W0021,388779.78,2025-05-31 19:00:00,USD,0
T09448,W0001,W0054,990527.98,2025-05-31 07:50:29,FX,1
T06740,W0059,W0013,352682.23,2025-05-31 11:42:00,BOND,0
T01626,W0047,W0078,449665.1,2025-05-31 15:39:00,BOND,0
T09331,W0001,W0084,1182799.74,2025-05-31 06:50:29,FX,1
T01404,W0085,W0033,444003.8,2025-05-31 09:25:00,BOND,0
T08553,W0095,W0069,1175528.45,2025-05-31 06:50:29,FX,1
T06316,W0099,W0037,611140.06,2025-05-31 17:23:00,FX,0
T09437,W0050,W0070,913987.46,2025-05-31 07:50:29,BOND,1
T06293,W0057,W0071,490685.44,2025-05-31 12:13:00,BOND,0
T07212,W0045,W0026,532087.87,2025-05-31 13:02:00,BOND,0
T09745,W0007,W0051,1074123.2,2025-05-31 07:50:29,USD,1
T03601,W0044,W0014,423336.96,2025-05-31 14:04:00,USD,0
T08998,W0073,W0068,940873.47,2025-05-31 08:50:29,USD,1
T04528,W0065,W0076,442336.82,2025-05-31 18:56:00,USD,0
T04709,W0100,W0078,440491.67,2025-05-31 09:23:00,USD,0
T03063,W0015,W0037,488151.5,2025-05-31 13:20:00,BOND,0
T07543,W0057,W0092,554944.0,2025-05-31 17:28:00,USD,0
T02964,W0043,W0047,401636.75,2025-05-31 15:16:00,BOND,0
T00359,W0042,W0073,564585.32,2025-05-31 12:27:00,FX,0
T05333,W0037,W0049,429978.96,2025-05-31 15:32:00,USD,0
T02666,W0055,W0057,415498.74,2025-05-31 18:41:00,FX,0
T04081,W0096,W0081,542718.37,2025-05-31 10:36:00,BOND,0
T05935,W0051,W0031,552579.58,2025-05-31 11:22:00,BOND,0
T04575,W0023,W0038,407886.87,2025-05-31 13:16:00,FX,0
T09099,W0014,W0092,1097563.75,2025-05-31 06:50:29,BOND,1
T07869,W0007,W0026,1024371.9,2025-05-31 08:50:29,FX,1
T04565,W0089,W0072,441951.57,2025-05-31 16:45:00,USD,0
T04016,W0086,W0079,525670.16,2025-05-31 09:59:00,USD,0
T00619,W0063,W0096,413032.66,2025-05-31 12:19:00,FX,0
T04168,W0083,W0017,494892.24,2025-05-31 18:30:00,BOND,0
T06895,W0056,W0057,562050.09,2025-05-31 11:32:00,BOND,0
T09491,W0020,W0066,1155173.13,2025-05-31 06:50:29,USD,1
T04066,W0001,W0093,596409.93,2025-05-31 09:59:00,USD,0
T06742,W0085,W0082,544096.59,2025-05-31 17:55:00,USD,0
T09811,W0044,W0033,919512.66,2025-05-31 08:50:29,BOND,1
T02208,W0061,W0042,537745.73,2025-05-31 18:50:00,FX,0
T05439,W0093,W0082,511428.2,2025-05-31 13:40:00,FX,0
T07062,W0093,W0098,558598.61,2025-05-31 09:57:00,BOND,0
T05214,W0008,W0031,625684.97,2025-05-31 11:28:00,FX,0
T05483,W0010,W0009,395675.6,2025-05-31 12:54:00,USD,0
T00144,W0042,W0074,508895.63,2025-05-31 18:34:00,USD,0
T02472,W0046,W0076,504964.47,2025-05-31 17:28:00,USD,0
T06557,W0080,W0069,441050.67,2025-05-31 10:19:00,USD,0
T03278,W0045,W0054,590169.07,2025-05-31 13:08:00,BOND,0
T00743,W0088,W0056,448700.17,2025-05-31 18:30:00,USD,0
T01518,W0020,W0098,499673.4,2025-05-31 14:03:00,FX,0
T04181,W0082,W0057,358973.04,2025-05-31 11:44:00,USD,0
T05137,W0071,W0018,528785.79,2025-05-31 15:41:00,USD,0
T00164,W0041,W0095,416549.71,2025-05-31 09:56:00,FX,0
T07992,W0037,W0005,1044658.0,2025-05-31 06:50:29,BOND,1
T03304,W0066,W0047,457976.08,2025-05-31 13:38:00,FX,0
T09083,W0041,W0061,1077816.13,2025-05-31 08:50:29,USD,1
T08682,W0090,W0080,960899.78,2025-05-31 06:50:29,BOND,1
T02357,W0019,W0082,564185.84,2025-05-31 12:23:00,FX,0
T00337,W0030,W0021,404157.6,2025-05-31 10:18:00,USD,0
T05493,W0071,W0068,459386.81,2025-05-31 16:21:00,USD,0
T02380,W0062,W0056,602297.81,2025-05-31 11:47:00,BOND,0
T02948,W0009,W0093,594033.56,2025-05-31 13:26:00,BOND,0
T07741,W0087,W0003,1124564.68,2025-05-31 08:50:29,BOND,1
T02650,W0089,W0020,430741.55,2025-05-31 13:13:00,BOND,0
T09021,W0091,W0037,1084436.2,2025-05-31 06:50:29,FX,1
T01367,W0019,W0064,402632.03,2025-05-31 12:28:00,FX,0
T04053,W0043,W0081,477537.39,2025-05-31 09:42:00,BOND,0
T01634,W0023,W0063,391895.89,2025-05-31 12:27:00,USD,0
T08723,W0058,W0090,990822.65,2025-05-31 08:50:29,USD,1
T02723,W0048,W0068,483295.61,2025-05-31 10:22:00,BOND,0
T07850,W0080,W0092,961599.4,2025-05-31 06:50:29,FX,1
T09267,W0082,W0035,983997.45,2025-05-31 06:50:29,USD,1
T01388,W0051,W0022,537500.31,2025-05-31 15:04:00,USD,0
T06709,W0072,W0075,541455.1,2025-05-31 18:52:00,USD,0
T01666,W0086,W0049,575412.47,2025-05-31 16:58:00,USD,0
T00500,W0063,W0027,459603.15,2025-05-31 18:00:00,FX,0
T06687,W0028,W0034,493425.21,2025-05-31 17:08:00,BOND,0
T08202,W0098,W0059,1180775.98,2025-05-31 06:50:29,FX,1
T08164,W0016,W0002,1131254.46,2025-05-31 07:50:29,FX,1
T09450,W0022,W0074,1136128.26,2025-05-31 07:50:29,FX,1
T01400,W0097,W0072,566182.5,2025-05-31 10:00:00,BOND,0
T09181,W0069,W0048,1062198.14,2025-05-31 07:50:29,FX,1
T04235,W0085,W0010,448072.17,2025-05-31 16:42:00,FX,0
T07064,W0028,W0077,591850.34,2025-05-31 15:21:00,FX,0
T07463,W0081,W0068,568299.0,2025-05-31 16:10:00,USD,0
T04055,W0079,W0040,386299.58,2025-05-31 15:43:00,USD,0
T08866,W0071,W0078,1074826.97,2025-05-31 06:50:29,USD,1
T01429,W0048,W0066,367337.42,2025-05-31 14:32:00,BOND,0
T03771,W0013,W0016,621486.49,2025-05-31 15:35:00,USD,0
T07682,W0075,W0090,1109734.57,2025-05-31 08:50:29,USD,1
T01808,W0013,W0100,444937.38,2025-05-31 18:56:00,BOND,0
T07475,W0057,W0034,460613.3,2025-05-31 09:16:00,BOND,0
T06066,W0037,W0039,479352.25,2025-05-31 16:49:00,USD,0
T00530,W0011,W0088,471160.67,2025-05-31 17:20:00,FX,0
T07834,W0048,W0043,1081857.99,2025-05-31 06:50:29,USD,1
T05568,W0073,W0087,412379.06,2025-05-31 11:19:00,USD,0
T05936,W0097,W0073,549367.25,2025-05-31 10:20:00,FX,0
T05926,W0083,W0002,590484.53,2025-05-31 11:02:00,BOND,0
T05239,W0011,W0088,514740.26,2025-05-31 15:40:00,BOND,0
T00626,W0013,W0049,534391.84,2025-05-31 17:40:00,BOND,0
T00221,W0062,W0053,466110.84,2025-05-31 10:04:00,USD,0
T08195,W0026,W0070,924704.7,2025-05-31 07:50:29,FX,1
T07908,W0071,W0023,954192.91,2025-05-31 08:50:29,USD,1
T08732,W0037,W0014,1059950.33,2025-05-31 07:50:29,FX,1
T01582,W0086,W0019,534332.64,2025-05-31 15:36:00,FX,0
T02512,W0080,W0088,345179.17,2025-05-31 09:55:00,FX,0
T09999,W0087,W0042,1075189.57,2025-05-31 07:50:29,FX,1
T09658,W0015,W0005,1004253.17,2025-05-31 08:50:29,FX,1
T08677,W0047,W0086,1090782.38,2025-05-31 08:50:29,FX,1
T02131,W0042,W0049,465609.39,2025-05-31 14:05:00,FX,0
T05359,W0001,W0096,370991.4,2025-05-31 11:50:00,BOND,0
T00715,W0087,W0056,442045.17,2025-05-31 12:55:00,BOND,0
T02580,W0045,W0089,325207.63,2025-05-31 09:41:00,BOND,0
T02205,W0052,W0030,576430.62,2025-05-31 18:23:00,USD,0
T02027,W0033,W0045,390546.53,2025-05-31 14:13:00,FX,0
T05074,W0030,W0020,587940.14,2025-05-31 17:24:00,FX,0
T00421,W0043,W0085,388264.81,2025-05-31 16:36:00,FX,0
T08986,W0079,W0007,1113979.83,2025-05-31 06:50:29,BOND,1
T05199,W0052,W0018,605904.63,2025-05-31 18:15:00,BOND,0
T07750,W0092,W0046,963694.53,2025-05-31 07:50:29,USD,1
T08200,W0076,W0014,973646.4,2025-05-31 08:50:29,FX,1
T02890,W0067,W0006,467807.07,2025-05-31 16:18:00,USD,0
T09013,W0071,W0011,1112668.69,2025-05-31 07:50:29,USD,1
T01035,W0095,W0039,418671.99,2025-05-31 11:54:00,USD,0
T08900,W0059,W0049,1123175.01,2025-05-31 08:50:29,USD,1
T00333,W0043,W0032,440259.86,2025-05-31 11:10:00,USD,0
T05580,W0045,W0083,551488.8,2025-05-31 15:55:00,FX,0
T04647,W0075,W0003,358466.51,2025-05-31 13:45:00,USD,0
T04210,W0084,W0020,387964.06,2025-05-31 16:26:00,FX,0
T07879,W0005,W0004,991438.82,2025-05-31 07:50:29,FX,1
T07636,W0058,W0050,472010.16,2025-05-31 17:24:00,FX,0
T06299,W0082,W0030,525451.3,2025-05-31 09:47:00,FX,0
T06603,W0098,W0018,574879.27,2025-05-31 18:46:00,USD,0
T05372,W0028,W0049,389714.61,2025-05-31 12:37:00,USD,0
T01231,W0067,W0018,379752.66,2025-05-31 18:03:00,FX,0
T08094,W0054,W0075,1153338.79,2025-05-31 06:50:29,FX,1
T09226,W0035,W0085,1033901.49,2025-05-31 06:50:29,FX,1
T01556,W0001,W0018,593765.14,2025-05-31 13:56:00,USD,0
T04341,W0052,W0053,555782.23,2025-05-31 16:40:00,BOND,0
T08760,W0029,W0055,1197826.73,2025-05-31 06:50:29,FX,1
T09973,W0010,W0003,955805.05,2025-05-31 08:50:29,USD,1
T05148,W0086,W0064,446830.88,2025-05-31 14:06:00,FX,0
T05821,W0056,W0057,712614.27,2025-05-31 12:49:00,USD,0
T05849,W0049,W0007,594937.82,2025-05-31 09:46:00,FX,0
T04678,W0006,W0072,386467.67,2025-05-31 13:13:00,BOND,0
T02953,W0096,W0082,524877.91,2025-05-31 17:18:00,BOND,0
T07988,W0040,W0032,1121921.76,2025-05-31 08:50:29,FX,1
T01958,W0040,W0027,446973.84,2025-05-31 13:42:00,FX,0
T09652,W0027,W0052,1186642.26,2025-05-31 07:50:29,FX,1
T02895,W0019,W0063,458411.51,2025-05-31 13:00:00,FX,0
T05597,W0005,W0045,470558.11,2025-05-31 15:09:00,FX,0
T04786,W0030,W0046,485908.93,2025-05-31 16:16:00,USD,0
T05311,W0086,W0072,477294.47,2025-05-31 14:57:00,USD,0
T06769,W0055,W0075,494279.67,2025-05-31 18:56:00,FX,0
T09483,W0020,W0077,985521.19,2025-05-31 07:50:29,BOND,1
T07486,W0019,W0062,579126.64,2025-05-31 16:28:00,BOND,0
T09152,W0096,W0049,995747.98,2025-05-31 06:50:29,BOND,1
T02055,W0044,W0082,329349.37,2025-05-31 09:00:00,USD,0
T02510,W0032,W0022,700334.41,2025-05-31 13:18:00,BOND,0
T03976,W0089,W0018,594334.47,2025-05-31 09:41:00,FX,0
T03570,W0025,W0016,486366.35,2025-05-31 18:46:00,FX,0
T02974,W0003,W0007,440897.57,2025-05-31 12:20:00,USD,0
T01511,W0026,W0057,541124.13,2025-05-31 18:09:00,USD,0
T01003,W0049,W0093,395160.05,2025-05-31 17:21:00,BOND,0
T04769,W0067,W0041,513547.06,2025-05-31 15:31:00,BOND,0
T00190,W0039,W0076,489609.08,2025-05-31 12:48:00,BOND,0
T09310,W0082,W0002,909159.65,2025-05-31 06:50:29,USD,1
T04822,W0065,W0039,484069.56,2025-05-31 16:52:00,BOND,0
T06505,W0090,W0046,596806.09,2025-05-31 18:38:00,FX,0
T04334,W0014,W0029,428004.72,2025-05-31 17:00:00,FX,0
T08437,W0020,W0035,1037832.18,2025-05-31 08:50:29,BOND,1
T02766,W0032,W0031,438823.88,2025-05-31 11:25:00,FX,0
T07068,W0091,W0077,458479.28,2025-05-31 14:38:00,USD,0
T04452,W0041,W0002,542936.72,2025-05-31 14:24:00,USD,0
T01350,W0040,W0009,356264.6,2025-05-31 12:17:00,BOND,0
T07622,W0055,W0055,545116.94,2025-05-31 18:12:00,USD,0
T07358,W0048,W0046,534210.38,2025-05-31 18:22:00,FX,0
T04926,W0015,W0035,718602.54,2025-05-31 13:09:00,FX,0
T01279,W0061,W0037,551089.32,2025-05-31 18:12:00,USD,0
T04374,W0020,W0043,553680.6,2025-05-31 18:16:00,FX,0
T02211,W0095,W0028,388207.06,2025-05-31 14:26:00,BOND,0
T07006,W0001,W0070,554213.77,2025-05-31 12:23:00,BOND,0
T08824,W0095,W0088,1159201.73,2025-05-31 08:50:29,BOND,1
T04032,W0068,W0039,505613.66,2025-05-31 16:32:00,FX,0
T09768,W0061,W0032,1127484.51,2025-05-31 06:50:29,FX,1
T08725,W0011,W0032,1142694.98,2025-05-31 08:50:29,FX,1
T05471,W0070,W0066,451611.97,2025-05-31 09:34:00,FX,0
T03747,W0051,W0042,539341.87,2025-05-31 14:12:00,FX,0
T07526,W0097,W0015,477607.65,2025-05-31 14:28:00,USD,0
T04967,W0024,W0060,329917.44,2025-05-31 16:29:00,BOND,0
T03554,W0022,W0051,527037.0,2025-05-31 11:28:00,FX,0
T00800,W0068,W0039,487826.71,2025-05-31 17:01:00,FX,0
T00759,W0090,W0061,569801.94,2025-05-31 16:59:00,USD,0
T08270,W0085,W0052,1131536.55,2025-05-31 08:50:29,BOND,1
T06806,W0053,W0058,552890.62,2025-05-31 15:02:00,FX,0
T01102,W0080,W0014,624748.27,2025-05-31 14:08:00,USD,0
T00125,W0007,W0094,518650.58,2025-05-31 18:29:00,FX,0
T06574,W0039,W0034,379317.59,2025-05-31 16:37:00,FX,0
T02296,W0071,W0059,524078.25,2025-05-31 14:52:00,BOND,0
T01696,W0004,W0006,420546.73,2025-05-31 11:49:00,USD,0
T03155,W0085,W0078,583656.94,2025-05-31 13:46:00,USD,0
T07172,W0024,W0045,591285.35,2025-05-31 09:07:00,BOND,0
T07655,W0044,W0093,1128872.54,2025-05-31 07:50:29,BOND,1
T09110,W0003,W0088,1005963.82,2025-05-31 08:50:29,BOND,1
T07240,W0080,W0059,681615.33,2025-05-31 13:34:00,USD,0
T01248,W0017,W0019,606645.97,2025-05-31 15:27:00,USD,0
T01309,W0039,W0091,540262.32,2025-05-31 15:27:00,USD,0
T08020,W0085,W0053,957449.54,2025-05-31 06:50:29,BOND,1
T02844,W0078,W0012,451839.01,2025-05-31 16:41:00,BOND,0
T02413,W0046,W0053,470794.63,2025-05-31 14:54:00,FX,0
T07492,W0011,W0053,434928.2,2025-05-31 15:26:00,BOND,0
T02573,W0054,W0068,477846.16,2025-05-31 16:02:00,USD,0
T08368,W0026,W0075,1045830.71,2025-05-31 07:50:29,USD,1
T00172,W0032,W0068,567549.93,2025-05-31 09:49:00,FX,0
T02145,W0084,W0016,486405.56,2025-05-31 11:40:00,FX,0
T08072,W0062,W0061,1016897.37,2025-05-31 06:50:29,BOND,1
T01953,W0054,W0070,435026.44,2025-05-31 12:54:00,FX,0
T04172,W0070,W0065,584281.89,2025-05-31 14:31:00,FX,0
T04633,W0084,W0081,369614.68,2025-05-31 10:12:00,USD,0
T09015,W0071,W0084,1126854.6,2025-05-31 06:50:29,USD,1
T06670,W0004,W0007,493375.74,2025-05-31 12:11:00,FX,0
T06205,W0016,W0032,479522.81,2025-05-31 14:09:00,USD,0
T04643,W0006,W0012,548911.48,2025-05-31 13:48:00,USD,0
T08344,W0077,W0056,1142726.22,2025-05-31 08:50:29,USD,1
T02455,W0023,W0007,500835.88,2025-05-31 14:31:00,USD,0
T06515,W0083,W0085,470358.53,2025-05-31 18:31:00,USD,0
T04255,W0044,W0087,431520.31,2025-05-31 16:39:00,FX,0
T02137,W0081,W0087,491783.65,2025-05-31 18:02:00,USD,0
T08451,W0004,W0051,1047281.45,2025-05-31 06:50:29,USD,1
T05346,W0020,W0083,375366.73,2025-05-31 10:24:00,USD,0
T00762,W0089,W0051,502762.71,2025-05-31 09:33:00,BOND,0
T06891,W0074,W0053,565020.17,2025-05-31 10:51:00,FX,0
T07933,W0057,W0061,1071728.82,2025-05-31 06:50:29,BOND,1
T03491,W0027,W0061,587459.27,2025-05-31 10:57:00,USD,0
T01160,W0073,W0085,454580.36,2025-05-31 13:49:00,FX,0
T04464,W0085,W0062,466795.42,2025-05-31 12:56:00,FX,0
T01996,W0040,W0060,549104.09,2025-05-31 13:04:00,FX,0
T06175,W0013,W0015,403290.23,2025-05-31 17:50:00,FX,0
T06137,W0021,W0021,525645.87,2025-05-31 12:13:00,USD,0
T08112,W0098,W0076,944435.75,2025-05-31 06:50:29,BOND,1
T06669,W0072,W0037,314581.5,2025-05-31 14:29:00,USD,0
T02941,W0032,W0068,523815.5,2025-05-31 12:25:00,USD,0
T02983,W0025,W0097,441839.47,2025-05-31 15:46:00,BOND,0
T00262,W0012,W0082,473185.97,2025-05-31 11:12:00,USD,0
T00778,W0095,W0055,590863.29,2025-05-31 09:40:00,USD,0
T08084,W0093,W0019,1091650.82,2025-05-31 06:50:29,BOND,1
T01583,W0020,W0090,457283.79,2025-05-31 12:57:00,BOND,0
T09276,W0088,W0035,991850.83,2025-05-31 07:50:29,BOND,1
T00539,W0047,W0015,412821.28,2025-05-31 11:16:00,USD,0
T07217,W0069,W0040,460778.68,2025-05-31 16:25:00,BOND,0
T02155,W0093,W0086,462788.58,2025-05-31 16:10:00,FX,0
T09147,W0065,W0086,1001648.32,2025-05-31 07:50:29,USD,1
T03394,W0066,W0007,472022.62,2025-05-31 12:27:00,FX,0
T00857,W0050,W0047,483570.51,2025-05-31 09:17:00,USD,0
T06633,W0061,W0030,546402.17,2025-05-31 15:38:00,USD,0
T07201,W0014,W0005,459010.48,2025-05-31 17:49:00,FX,0
T06339,W0014,W0058,314279.67,2025-05-31 12:51:00,USD,0
T05477,W0010,W0070,569961.91,2025-05-31 13:48:00,FX,0
T07743,W0026,W0075,1084878.41,2025-05-31 07:50:29,FX,1
T00060,W0013,W0053,493410.92,2025-05-31 14:23:00,BOND,0
T08038,W0077,W0027,1196455.7,2025-05-31 07:50:29,BOND,1
T05482,W0022,W0012,519419.22,2025-05-31 12:44:00,USD,0
T02693,W0004,W0012,525115.61,2025-05-31 13:19:00,FX,0
T04370,W0010,W0035,569866.67,2025-05-31 14:30:00,FX,0
T04331,W0067,W0086,458486.87,2025-05-31 11:52:00,USD,0
T00183,W0076,W0008,437625.36,2025-05-31 15:29:00,USD,0
T03609,W0070,W0073,467809.45,2025-05-31 15:53:00,FX,0
T08081,W0025,W0006,1140985.7,2025-05-31 06:50:29,BOND,1
T01113,W0020,W0073,631598.85,2025-05-31 16:31:00,USD,0
T08108,W0002,W0066,973010.27,2025-05-31 06:50:29,USD,1
T00455,W0039,W0086,615578.3,2025-05-31 13:47:00,FX,0
T03049,W0053,W0012,517904.11,2025-05-31 18:53:00,BOND,0
T01318,W0030,W0059,544319.52,2025-05-31 11:28:00,FX,0
T09282,W0089,W0003,1116403.01,2025-05-31 08:50:29,USD,1
T02802,W0085,W0011,554390.8,2025-05-31 18:39:00,USD,0
T09932,W0057,W0048,1135458.31,2025-05-31 08:50:29,USD,1
T02692,W0015,W0056,421220.78,2025-05-31 11:34:00,FX,0
T04636,W0015,W0004,562859.99,2025-05-31 17:38:00,FX,0
T03722,W0042,W0031,368799.97,2025-05-31 16:47:00,FX,0
T00355,W0030,W0060,620973.37,2025-05-31 09:31:00,BOND,0
T07738,W0041,W0083,903724.18,2025-05-31 06:50:29,FX,1
T06547,W0096,W0037,700956.65,2025-05-31 16:08:00,USD,0
T02527,W0078,W0001,396687.05,2025-05-31 16:00:00,USD,0
T04704,W0063,W0025,583013.53,2025-05-31 12:13:00,FX,0
T01473,W0100,W0098,581052.71,2025-05-31 16:14:00,FX,0
T07456,W0082,W0044,342902.29,2025-05-31 18:55:00,BOND,0
T04359,W0004,W0087,371028.86,2025-05-31 15:24:00,FX,0
T07536,W0078,W0087,613668.04,2025-05-31 11:33:00,USD,0
T08916,W0034,W0036,1082268.44,2025-05-31 07:50:29,USD,1
T07265,W0068,W0044,584631.91,2025-05-31 11:53:00,BOND,0
T06506,W0028,W0037,660931.74,2025-05-31 14:55:00,FX,0
T00532,W0093,W0066,301892.0,2025-05-31 12:58:00,USD,0
T03300,W0068,W0008,557504.39,2025-05-31 18:18:00,FX,0
T00769,W0072,W0009,581799.22,2025-05-31 15:28:00,FX,0
T08383,W0036,W0050,924350.06,2025-05-31 07:50:29,BOND,1
T08753,W0002,W0008,988420.72,2025-05-31 07:50:29,FX,1
T09244,W0017,W0069,1173511.5,2025-05-31 07:50:29,FX,1
T01006,W0072,W0006,524236.67,2025-05-31 16:24:00,FX,0
T07757,W0084,W0064,1192935.53,2025-05-31 06:50:29,BOND,1
T06776,W0068,W0069,340172.65,2025-05-31 18:08:00,BOND,0
T03054,W0023,W0016,528953.31,2025-05-31 18:25:00,USD,0
T02005,W0058,W0019,414548.79,2025-05-31 12:01:00,FX,0
T02201,W0028,W0100,557759.57,2025-05-31 17:07:00,FX,0
T02617,W0050,W0041,431126.19,2025-05-31 16:27:00,FX,0
T02401,W0083,W0053,525681.04,2025-05-31 15:51:00,USD,0
T07881,W0061,W0004,965800.22,2025-05-31 08:50:29,FX,1
T05950,W0091,W0030,661056.87,2025-05-31 13:23:00,USD,0
T02532,W0096,W0008,385635.0,2025-05-31 10:34:00,USD,0
T09795,W0047,W0003,1066553.86,2025-05-31 07:50:29,BOND,1
T07023,W0026,W0058,587532.35,2025-05-31 15:13:00,FX,0
T08698,W0004,W0062,1118118.09,2025-05-31 07:50:29,BOND,1
T05631,W0067,W0063,532331.59,2025-05-31 15:00:00,BOND,0
T09469,W0010,W0076,1036209.06,2025-05-31 08:50:29,BOND,1
T06814,W0004,W0024,539290.23,2025-05-31 13:49:00,BOND,0
T09471,W0087,W0031,1178551.3,2025-05-31 06:50:29,FX,1
T00756,W0021,W0039,545126.82,2025-05-31 12:04:00,USD,0
T06785,W0085,W0083,451318.07,2025-05-31 15:42:00,FX,0
T06123,W0093,W0057,346275.54,2025-05-31 10:37:00,FX,0
T03818,W0016,W0050,398437.3,2025-05-31 15:31:00,USD,0
T02852,W0028,W0050,376325.62,2025-05-31 17:03:00,USD,0
T04698,W0044,W0034,542823.49,2025-05-31 18:53:00,BOND,0
T09522,W0046,W0080,927414.74,2025-05-31 07:50:29,BOND,1
T02918,W0053,W0025,437670.46,2025-05-31 17:13:00,BOND,0
T09023,W0048,W0078,1010428.79,2025-05-31 07:50:29,FX,1
T07971,W0089,W0068,961566.68,2025-05-31 07:50:29,USD,1
T03179,W0031,W0003,535819.07,2025-05-31 17:47:00,USD,0
T03164,W0001,W0018,460223.34,2025-05-31 12:28:00,USD,0
T05479,W0013,W0068,397918.65,2025-05-31 14:20:00,BOND,0
T02415,W0066,W0093,589083.32,2025-05-31 15:27:00,BOND,0
T05957,W0042,W0051,363818.82,2025-05-31 14:42:00,USD,0
T06676,W0047,W0070,560969.31,2025-05-31 16:38:00,BOND,0
T02173,W0067,W0084,618808.13,2025-05-31 11:10:00,FX,0
T02526,W0005,W0023,456616.3,2025-05-31 12:47:00,USD,0
T05312,W0056,W0092,584267.71,2025-05-31 17:00:00,USD,0
T03055,W0013,W0049,491948.93,2025-05-31 11:28:00,BOND,0
T00833,W0100,W0085,639766.14,2025-05-31 13:59:00,BOND,0
T02614,W0080,W0094,596088.65,2025-05-31 17:30:00,BOND,0
T09645,W0070,W0031,1083316.18,2025-05-31 07:50:29,FX,1
T06009,W0049,W0086,432888.51,2025-05-31 09:11:00,USD,0
T09179,W0006,W0013,1028933.86,2025-05-31 06:50:29,USD,1
T07095,W0013,W0065,393811.8,2025-05-31 15:27:00,USD,0
T00063,W0050,W0006,366692.45,2025-05-31 14:08:00,BOND,0
T09071,W0077,W0090,1146625.34,2025-05-31 07:50:29,USD,1
T09055,W0077,W0021,998015.59,2025-05-31 07:50:29,BOND,1
T09439,W0056,W0086,1063635.07,2025-05-31 07:50:29,BOND,1
T00787,W0066,W0004,503119.43,2025-05-31 11:08:00,USD,0
T01256,W0020,W0034,364256.51,2025-05-31 13:58:00,BOND,0
T09311,W0082,W0085,1014545.69,2025-05-31 07:50:29,USD,1
T02149,W0086,W0003,625239.63,2025-05-31 11:24:00,BOND,0
T09158,W0003,W0088,959222.32,2025-05-31 07:50:29,USD,1
T02851,W0093,W0069,583480.14,2025-05-31 15:06:00,BOND,0
T06673,W0087,W0100,518890.31,2025-05-31 10:58:00,FX,0
T00477,W0055,W0091,593820.62,2025-05-31 18:07:00,FX,0
T00793,W0042,W0078,560489.69,2025-05-31 11:05:00,FX,0
T05106,W0007,W0052,532875.86,2025-05-31 17:08:00,USD,0
T01657,W0066,W0032,671496.44,2025-05-31 10:26:00,USD,0
T06808,W0092,W0015,398175.43,2025-05-31 14:16:00,FX,0
T04837,W0004,W0047,369903.14,2025-05-31 16:40:00,USD,0
T05088,W0031,W0040,432862.05,2025-05-31 16:37:00,BOND,0
T00609,W0052,W0023,490851.13,2025-05-31 13:19:00,FX,0
T02244,W0085,W0090,535386.09,2025-05-31 10:43:00,USD,0
T06431,W0028,W0060,556695.77,2025-05-31 13:20:00,USD,0
T00938,W0014,W0039,542875.97,2025-05-31 09:12:00,USD,0
T05164,W0019,W0031,339137.57,2025-05-31 10:54:00,USD,0
T05262,W0065,W0086,525725.96,2025-05-31 11:48:00,USD,0
T02006,W0053,W0062,412173.81,2025-05-31 09:43:00,USD,0
T03867,W0074,W0006,415344.48,2025-05-31 18:50:00,FX,0
T03203,W0001,W0014,501067.57,2025-05-31 17:45:00,USD,0
T09563,W0049,W0014,1087623.49,2025-05-31 08:50:29,FX,1
T08404,W0023,W0069,1165472.85,2025-05-31 06:50:29,USD,1
T04195,W0095,W0086,521991.46,2025-05-31 13:48:00,USD,0
T06368,W0061,W0034,452139.97,2025-05-31 12:25:00,USD,0
T09864,W0085,W0053,1029195.34,2025-05-31 07:50:29,USD,1
T04668,W0017,W0069,294557.53,2025-05-31 16:00:00,USD,0
T04075,W0034,W0018,428943.33,2025-05-31 18:06:00,USD,0
T01220,W0086,W0031,585303.65,2025-05-31 14:56:00,BOND,0
T07962,W0096,W0059,1171089.09,2025-05-31 07:50:29,FX,1
T08047,W0032,W0023,1110632.78,2025-05-31 06:50:29,FX,1
T08759,W0044,W0001,1004891.44,2025-05-31 06:50:29,FX,1
T03709,W0100,W0003,498264.84,2025-05-31 10:58:00,USD,0
T04898,W0068,W0094,478724.97,2025-05-31 12:00:00,FX,0
T03520,W0020,W0097,553121.61,2025-05-31 11:14:00,USD,0
T01323,W0014,W0031,528592.01,2025-05-31 11:40:00,USD,0
T04944,W0082,W0083,446593.42,2025-05-31 13:29:00,USD,0
T00036,W0086,W0042,532900.06,2025-05-31 16:27:00,FX,0
T06179,W0087,W0061,577245.78,2025-05-31 10:59:00,FX,0
T01592,W0083,W0005,508828.13,2025-05-31 11:40:00,FX,0
T04640,W0086,W0002,506767.37,2025-05-31 11:24:00,USD,0
T01311,W0080,W0024,629672.71,2025-05-31 12:59:00,FX,0
T04149,W0033,W0045,519979.11,2025-05-31 18:52:00,USD,0
T03530,W0039,W0005,535013.82,2025-05-31 16:11:00,USD,0
T08077,W0056,W0097,1025081.79,2025-05-31 08:50:29,BOND,1
T00953,W0040,W0080,436410.35,2025-05-31 14:15:00,BOND,0
T03255,W0030,W0077,546207.09,2025-05-31 17:33:00,USD,0
T07968,W0092,W0025,939768.53,2025-05-31 08:50:29,FX,1
T07086,W0069,W0068,461290.4,2025-05-31 11:54:00,FX,0
T01641,W0065,W0027,545527.56,2025-05-31 18:37:00,BOND,0
T03571,W0031,W0013,507898.29,2025-05-31 12:36:00,BOND,0
T07119,W0058,W0028,564648.6,2025-05-31 15:10:00,BOND,0
T08281,W0072,W0098,1066178.29,2025-05-31 08:50:29,FX,1
T03987,W0052,W0077,452990.0,2025-05-31 11:53:00,FX,0
T03462,W0035,W0088,463925.86,2025-05-31 11:09:00,FX,0
T02716,W0043,W0045,608831.54,2025-05-31 17:48:00,FX,0
T05303,W0087,W0043,759656.29,2025-05-31 12:13:00,FX,0
T09189,W0035,W0038,915385.86,2025-05-31 07:50:29,USD,1
T06014,W0040,W0033,391007.86,2025-05-31 18:43:00,BOND,0
T03656,W0045,W0061,471199.72,2025-05-31 13:49:00,FX,0
T08808,W0037,W0040,1153802.6,2025-05-31 08:50:29,USD,1
T04183,W0048,W0003,382629.14,2025-05-31 13:53:00,USD,0
T09666,W0100,W0029,1168408.77,2025-05-31 07:50:29,BOND,1
T06646,W0045,W0021,334670.63,2025-05-31 12:15:00,FX,0
T06060,W0097,W0088,494108.74,2025-05-31 14:40:00,USD,0
T03541,W0042,W0044,511003.33,2025-05-31 15:08:00,FX,0
T07493,W0056,W0053,444692.68,2025-05-31 09:08:00,USD,0
T01796,W0011,W0056,550139.3,2025-05-31 12:26:00,BOND,0
T00690,W0052,W0029,547891.64,2025-05-31 12:51:00,BOND,0
T08627,W0057,W0034,924266.79,2025-05-31 08:50:29,FX,1
T07371,W0075,W0046,480200.17,2025-05-31 10:08:00,FX,0
T02125,W0015,W0016,480286.23,2025-05-31 15:19:00,BOND,0
T08493,W0046,W0017,964940.35,2025-05-31 07:50:29,USD,1
T02269,W0091,W0036,469776.66,2025-05-31 14:09:00,USD,0
T08838,W0042,W0080,910227.28,2025-05-31 06:50:29,BOND,1
T01031,W0071,W0014,378039.29,2025-05-31 11:08:00,BOND,0
T00214,W0062,W0065,407815.71,2025-05-31 16:14:00,FX,0
T04047,W0032,W0033,501428.09,2025-05-31 18:00:00,USD,0
T01919,W0011,W0030,434288.02,2025-05-31 14:00:00,USD,0
T06685,W0057,W0035,519623.28,2025-05-31 11:52:00,FX,0
T08057,W0035,W0094,1070085.67,2025-05-31 06:50:29,USD,1
T00803,W0047,W0046,706139.15,2025-05-31 17:01:00,USD,0
T01604,W0036,W0031,530974.55,2025-05-31 14:51:00,FX,0
T04934,W0043,W0089,509362.74,2025-05-31 16:18:00,FX,0
T01372,W0021,W0092,399947.3,2025-05-31 10:40:00,FX,0
T06972,W0004,W0024,488285.61,2025-05-31 09:20:00,BOND,0
T02376,W0032,W0050,563720.58,2025-05-31 15:55:00,BOND,0
T02286,W0028,W0002,469674.9,2025-05-31 15:54:00,BOND,0
T02908,W0097,W0034,588823.35,2025-05-31 12:51:00,BOND,0
T09032,W0077,W0082,964223.87,2025-05-31 06:50:29,USD,1
T03429,W0040,W0043,471048.46,2025-05-31 10:07:00,FX,0
T03276,W0005,W0023,534456.31,2025-05-31 15:54:00,FX,0
T04454,W0010,W0053,477638.19,2025-05-31 18:06:00,FX,0
T08380,W0035,W0030,1056662.82,2025-05-31 06:50:29,BOND,1
T06425,W0042,W0095,472905.12,2025-05-31 13:12:00,BOND,0
T06701,W0083,W0015,400752.64,2025-05-31 10:33:00,BOND,0
T05434,W0052,W0068,365513.99,2025-05-31 13:46:00,FX,0
T03088,W0064,W0001,492561.08,2025-05-31 16:59:00,BOND,0
T07811,W0015,W0081,1173606.17,2025-05-31 07:50:29,FX,1
T04718,W0091,W0079,526312.94,2025-05-31 12:40:00,FX,0
T08577,W0041,W0042,956962.2,2025-05-31 07:50:29,FX,1
T03452,W0076,W0083,483259.28,2025-05-31 14:07:00,BOND,0
T02646,W0067,W0082,544181.24,2025-05-31 15:29:00,BOND,0
T09644,W0076,W0013,936838.11,2025-05-31 06:50:29,FX,1
T03693,W0030,W0061,515384.68,2025-05-31 12:04:00,USD,0
T05541,W0086,W0028,503902.39,2025-05-31 14:27:00,FX,0
T03897,W0006,W0086,456811.06,2025-05-31 11:57:00,USD,0
T09456,W0062,W0012,973522.37,2025-05-31 06:50:29,FX,1
T06990,W0079,W0094,582043.62,2025-05-31 14:21:00,USD,0
T04467,W0052,W0026,419680.51,2025-05-31 18:06:00,BOND,0
T07497,W0007,W0034,598982.85,2025-05-31 10:54:00,FX,0
T05207,W0071,W0069,510014.17,2025-05-31 16:09:00,BOND,0
T02996,W0031,W0098,443559.97,2025-05-31 12:43:00,USD,0
T09354,W0069,W0087,1176443.11,2025-05-31 07:50:29,USD,1
T09867,W0081,W0023,1192075.11,2025-05-31 06:50:29,USD,1
T08754,W0078,W0100,988880.95,2025-05-31 08:50:29,BOND,1
T01593,W0012,W0033,459981.82,2025-05-31 10:34:00,BOND,0
T00705,W0079,W0011,509903.39,2025-05-31 15:28:00,FX,0
T06459,W0064,W0012,552582.63,2025-05-31 09:19:00,FX,0
T05901,W0020,W0048,447290.28,2025-05-31 09:00:00,BOND,0
T05449,W0073,W0023,595215.99,2025-05-31 09:06:00,USD,0
T06686,W0086,W0016,477955.15,2025-05-31 15:32:00,USD,0
T02815,W0029,W0016,524814.06,2025-05-31 13:07:00,FX,0
T03028,W0094,W0040,417351.33,2025-05-31 18:53:00,BOND,0
T01254,W0071,W0011,442084.23,2025-05-31 10:29:00,BOND,0
T00625,W0029,W0082,514877.02,2025-05-31 13:25:00,BOND,0
T05692,W0017,W0054,349075.69,2025-05-31 15:41:00,FX,0
T04778,W0080,W0015,531340.24,2025-05-31 09:24:00,FX,0
T00133,W0014,W0081,570353.83,2025-05-31 09:46:00,FX,0
T06772,W0003,W0006,340030.79,2025-05-31 17:29:00,BOND,0
T06879,W0071,W0077,521156.46,2025-05-31 11:39:00,FX,0
T08962,W0079,W0063,1190803.53,2025-05-31 08:50:29,BOND,1
T09589,W0057,W0012,952001.37,2025-05-31 08:50:29,USD,1
T00843,W0010,W0086,682582.06,2025-05-31 16:26:00,BOND,0
T07197,W0073,W0090,374996.63,2025-05-31 17:32:00,FX,0
T02276,W0042,W0037,488091.57,2025-05-31 12:17:00,BOND,0
T03266,W0087,W0079,457962.68,2025-05-31 10:26:00,FX,0
T00138,W0017,W0098,537532.9,2025-05-31 11:57:00,USD,0
T09895,W0022,W0036,923330.58,2025-05-31 07:50:29,FX,1
T01789,W0093,W0068,484723.65,2025-05-31 09:24:00,BOND,0
T04980,W0074,W0056,474901.2,2025-05-31 17:53:00,FX,0
T06873,W0007,W0002,542305.16,2025-05-31 11:12:00,BOND,0
T06133,W0081,W0032,538225.54,2025-05-31 09:09:00,BOND,0
T03666,W0100,W0044,496608.32,2025-05-31 14:22:00,BOND,0
T09060,W0027,W0097,961015.41,2025-05-31 06:50:29,FX,1
T00657,W0058,W0025,663252.63,2025-05-31 18:58:00,BOND,0
T09372,W0087,W0088,924830.27,2025-05-31 08:50:29,BOND,1
T08569,W0078,W0083,998454.82,2025-05-31 06:50:29,BOND,1
T07847,W0071,W0002,1026033.04,2025-05-31 06:50:29,USD,1
T01070,W0011,W0039,469435.11,2025-05-31 14:44:00,BOND,0
T01907,W0057,W0062,408117.46,2025-05-31 17:14:00,USD,0
T07391,W0066,W0025,359523.63,2025-05-31 16:48:00,USD,0
T06265,W0065,W0069,547954.72,2025-05-31 17:09:00,BOND,0
T05660,W0058,W0013,579495.51,2025-05-31 10:03:00,FX,0
T08645,W0035,W0073,1173933.19,2025-05-31 08:50:29,BOND,1
T09231,W0055,W0071,940583.17,2025-05-31 08:50:29,FX,1
T03084,W0049,W0049,466320.58,2025-05-31 18:58:00,FX,0
T00104,W0057,W0005,465344.34,2025-05-31 11:49:00,FX,0
T02732,W0013,W0096,448733.15,2025-05-31 18:43:00,USD,0
T00154,W0090,W0008,610406.38,2025-05-31 13:03:00,FX,0
T09068,W0041,W0006,1185370.85,2025-05-31 07:50:29,BOND,1
T08495,W0090,W0019,917147.93,2025-05-31 07:50:29,BOND,1
T07133,W0074,W0087,558876.43,2025-05-31 18:03:00,FX,0
T06250,W0025,W0006,636873.18,2025-05-31 09:27:00,USD,0
T08304,W0070,W0038,1154349.0,2025-05-31 07:50:29,FX,1
T06783,W0091,W0082,438201.59,2025-05-31 17:22:00,BOND,0
T04830,W0082,W0015,462380.14,2025-05-31 15:10:00,USD,0
T03025,W0060,W0005,530622.43,2025-05-31 14:34:00,FX,0
T00467,W0044,W0032,452752.51,2025-05-31 09:28:00,FX,0
T09122,W0016,W0050,1145868.5,2025-05-31 07:50:29,USD,1
T04028,W0010,W0010,506754.98,2025-05-31 13:44:00,BOND,0
T09724,W0045,W0021,1091992.4,2025-05-31 06:50:29,BOND,1
T00677,W0071,W0008,550853.31,2025-05-31 18:16:00,USD,0
T00488,W0035,W0056,635897.34,2025-05-31 17:41:00,FX,0
T07761,W0051,W0066,1129334.01,2025-05-31 06:50:29,FX,1
T05367,W0048,W0020,504008.65,2025-05-31 13:36:00,BOND,0
T09416,W0019,W0011,1153140.61,2025-05-31 06:50:29,BOND,1
T05646,W0028,W0057,501211.91,2025-05-31 10:09:00,FX,0
T00013,W0071,W0019,396392.71,2025-05-31 15:34:00,BOND,0
T00922,W0058,W0062,361141.61,2025-05-31 13:26:00,USD,0
T05882,W0055,W0093,582847.1,2025-05-31 11:44:00,USD,0
T02227,W0083,W0091,638543.58,2025-05-31 09:22:00,FX,0
T05651,W0027,W0015,472994.31,2025-05-31 13:10:00,USD,0
T07746,W0003,W0039,941915.95,2025-05-31 08:50:29,USD,1
T02177,W0069,W0089,332607.67,2025-05-31 11:56:00,BOND,0
T04494,W0011,W0022,480443.13,2025-05-31 16:31:00,USD,0
T08640,W0067,W0015,1137565.68,2025-05-31 07:50:29,FX,1
T08144,W0004,W0081,919132.51,2025-05-31 06:50:29,BOND,1
T09254,W0038,W0084,1116777.81,2025-05-31 07:50:29,FX,1
T05268,W0002,W0022,601410.21,2025-05-31 10:27:00,FX,0
T04091,W0059,W0072,350245.64,2025-05-31 10:38:00,USD,0
T05672,W0035,W0035,709510.9,2025-05-31 14:52:00,BOND,0
T02790,W0004,W0075,554758.87,2025-05-31 11:54:00,USD,0
T05307,W0043,W0028,272895.62,2025-05-31 10:59:00,USD,0
T09270,W0032,W0050,1012976.4,2025-05-31 06:50:29,FX,1
T03891,W0080,W0099,389077.95,2025-05-31 16:05:00,BOND,0
T04212,W0015,W0075,402933.63,2025-05-31 16:20:00,BOND,0
T04994,W0093,W0006,423282.41,2025-05-31 18:03:00,USD,0
T07315,W0033,W0058,473374.72,2025-05-31 18:34:00,USD,0
T07752,W0087,W0092,1015709.52,2025-05-31 06:50:29,BOND,1
T03389,W0004,W0061,540362.4,2025-05-31 10:10:00,USD,0
T01642,W0024,W0011,660661.81,2025-05-31 16:20:00,FX,0
T08977,W0028,W0100,962672.45,2025-05-31 06:50:29,BOND,1
T09111,W0011,W0001,1000314.1,2025-05-31 07:50:29,USD,1
T07277,W0068,W0100,560443.02,2025-05-31 10:34:00,FX,0
T07710,W0065,W0039,1032448.59,2025-05-31 07:50:29,FX,1
T03548,W0026,W0023,393822.69,2025-05-31 11:34:00,USD,0
T06119,W0028,W0060,484051.58,2025-05-31 16:09:00,BOND,0
T07208,W0026,W0088,428785.99,2025-05-31 17:08:00,USD,0
T08169,W0067,W0081,1179945.73,2025-05-31 07:50:29,BOND,1
T02949,W0038,W0074,595971.59,2025-05-31 17:25:00,FX,0
T04918,W0079,W0070,481642.81,2025-05-31 14:08:00,FX,0
T07507,W0080,W0013,550860.61,2025-05-31 11:46:00,USD,0
T00348,W0037,W0032,455193.89,2025-05-31 13:11:00,USD,0
T01074,W0039,W0054,579883.78,2025-05-31 12:11:00,USD,0
T01326,W0051,W0043,513906.05,2025-05-31 11:04:00,USD,0
T07656,W0076,W0053,1038682.42,2025-05-31 07:50:29,BOND,1
T09856,W0067,W0057,954986.12,2025-05-31 08:50:29,FX,1
T01727,W0046,W0070,398494.32,2025-05-31 15:21:00,BOND,0
T00927,W0012,W0008,481686.22,2025-05-31 12:52:00,BOND,0
T01205,W0062,W0062,428543.9,2025-05-31 13:26:00,USD,0
T01899,W0077,W0049,609527.67,2025-05-31 13:21:00,FX,0
T03309,W0069,W0059,604210.83,2025-05-31 18:52:00,BOND,0
T09507,W0002,W0002,1182955.51,2025-05-31 07:50:29,FX,1
T04969,W0024,W0039,459090.81,2025-05-31 09:54:00,FX,0
T04925,W0091,W0028,549868.64,2025-05-31 12:06:00,BOND,0
T08329,W0089,W0060,1039631.17,2025-05-31 06:50:29,FX,1
T05341,W0050,W0048,513655.59,2025-05-31 16:09:00,USD,0
T07789,W0010,W0019,1066383.13,2025-05-31 06:50:29,USD,1
T06291,W0082,W0036,440121.5,2025-05-31 11:28:00,FX,0
T08256,W0008,W0077,1100119.11,2025-05-31 06:50:29,FX,1
T02353,W0064,W0005,565938.46,2025-05-31 12:44:00,BOND,0
T08007,W0100,W0021,1072287.88,2025-05-31 06:50:29,BOND,1
T06802,W0069,W0063,530317.42,2025-05-31 16:58:00,FX,0
T03969,W0073,W0078,597121.76,2025-05-31 12:12:00,USD,0
T04653,W0056,W0016,509189.93,2025-05-31 17:32:00,BOND,0
T03509,W0082,W0059,497210.25,2025-05-31 16:15:00,USD,0
T02590,W0039,W0047,537690.44,2025-05-31 13:39:00,USD,0
T09544,W0039,W0026,953820.59,2025-05-31 07:50:29,FX,1
T07638,W0096,W0064,442647.2,2025-05-31 18:22:00,FX,0
T00568,W0079,W0001,471682.07,2025-05-31 18:46:00,FX,0
T01519,W0033,W0063,434956.37,2025-05-31 14:35:00,FX,0
T08736,W0071,W0071,966648.72,2025-05-31 06:50:29,USD,1
T04554,W0065,W0004,434731.32,2025-05-31 15:34:00,FX,0
T01943,W0008,W0053,333312.23,2025-05-31 15:44:00,FX,0
T03596,W0088,W0022,506102.7,2025-05-31 16:11:00,BOND,0
T02839,W0024,W0055,481291.67,2025-05-31 17:39:00,FX,0
T04262,W0034,W0037,448498.89,2025-05-31 14:29:00,FX,0
T01134,W0088,W0026,470838.63,2025-05-31 18:07:00,BOND,0
T03416,W0093,W0093,419577.42,2025-05-31 13:46:00,BOND,0
T09388,W0060,W0068,1161834.78,2025-05-31 06:50:29,USD,1
T02756,W0025,W0082,380286.66,2025-05-31 09:55:00,USD,0
T02706,W0075,W0009,604931.06,2025-05-31 16:03:00,USD,0
T00510,W0048,W0032,496370.17,2025-05-31 18:00:00,USD,0
T01121,W0025,W0052,423061.58,2025-05-31 12:08:00,USD,0
T00858,W0011,W0003,605294.37,2025-05-31 09:51:00,BOND,0
T05107,W0044,W0015,490509.64,2025-05-31 18:23:00,FX,0
T00586,W0057,W0054,471533.62,2025-05-31 14:15:00,USD,0
T09192,W0063,W0007,1063963.27,2025-05-31 07:50:29,FX,1
T06786,W0082,W0005,565014.31,2025-05-31 12:26:00,BOND,0
T01818,W0030,W0036,510139.01,2025-05-31 16:53:00,FX,0
T03079,W0064,W0038,609215.68,2025-05-31 17:33:00,FX,0
T00718,W0078,W0009,457778.61,2025-05-31 16:00:00,USD,0
T07339,W0012,W0017,392083.67,2025-05-31 12:00:00,USD,0
T02859,W0012,W0092,545623.56,2025-05-31 13:05:00,FX,0
T05860,W0028,W0075,454236.42,2025-05-31 12:42:00,BOND,0
T02153,W0044,W0086,611724.7,2025-05-31 14:45:00,USD,0
T01783,W0032,W0060,502757.97,2025-05-31 12:13:00,FX,0
T04105,W0094,W0044,309615.49,2025-05-31 12:32:00,USD,0
T08167,W0056,W0034,1055785.76,2025-05-31 06:50:29,FX,1
T06516,W0003,W0068,480925.99,2025-05-31 15:29:00,USD,0
T07666,W0081,W0048,1129532.99,2025-05-31 06:50:29,BOND,1
T08885,W0081,W0012,1123495.49,2025-05-31 06:50:29,FX,1
T05985,W0020,W0010,504165.9,2025-05-31 16:26:00,BOND,0
T01494,W0085,W0018,558556.45,2025-05-31 12:30:00,USD,0
T08798,W0066,W0099,1174831.51,2025-05-31 08:50:29,BOND,1
T03731,W0007,W0006,549067.02,2025-05-31 10:19:00,BOND,0
T03132,W0064,W0050,367280.71,2025-05-31 15:06:00,USD,0
T02799,W0066,W0064,448845.05,2025-05-31 15:56:00,FX,0
T04394,W0075,W0095,494965.94,2025-05-31 17:15:00,USD,0
T02999,W0027,W0036,614891.88,2025-05-31 13:40:00,FX,0
T09721,W0077,W0060,988907.04,2025-05-31 06:50:29,FX,1
T06623,W0076,W0085,561433.68,2025-05-31 16:17:00,BOND,0
T09714,W0016,W0026,904730.17,2025-05-31 07:50:29,FX,1
T08439,W0058,W0037,961073.55,2025-05-31 07:50:29,USD,1
T05035,W0071,W0097,658618.91,2025-05-31 18:55:00,BOND,0
T08546,W0007,W0040,1140228.97,2025-05-31 08:50:29,FX,1
T06927,W0075,W0072,451507.43,2025-05-31 16:59:00,USD,0
T05657,W0060,W0025,589168.25,2025-05-31 17:24:00,USD,0
T03134,W0067,W0022,496575.45,2025-05-31 11:28:00,FX,0
T09788,W0098,W0027,1089818.35,2025-05-31 07:50:29,BOND,1
T08162,W0088,W0004,1078209.89,2025-05-31 06:50:29,USD,1
T01662,W0012,W0078,492543.19,2025-05-31 17:48:00,USD,0
T06812,W0092,W0085,539944.84,2025-05-31 17:03:00,USD,0
T07144,W0031,W0009,439506.5,2025-05-31 15:11:00,FX,0
T08992,W0004,W0021,944635.92,2025-05-31 07:50:29,FX,1
T00381,W0025,W0100,487300.55,2025-05-31 11:11:00,FX,0
T01126,W0012,W0092,545583.85,2025-05-31 10:07:00,USD,0
T02367,W0063,W0015,461943.97,2025-05-31 16:15:00,FX,0
T01063,W0094,W0016,495854.51,2025-05-31 15:23:00,USD,0
T06359,W0067,W0059,625722.94,2025-05-31 16:22:00,BOND,0
T05556,W0024,W0082,505327.91,2025-05-31 16:59:00,USD,0
T06112,W0050,W0039,531467.67,2025-05-31 17:39:00,BOND,0
T09798,W0038,W0038,1034376.48,2025-05-31 08:50:29,FX,1
T05208,W0096,W0013,492880.02,2025-05-31 11:09:00,BOND,0
T07221,W0054,W0061,624765.87,2025-05-31 10:19:00,USD,0
T04150,W0004,W0047,523625.03,2025-05-31 12:42:00,USD,0
T01228,W0096,W0087,501375.89,2025-05-31 17:18:00,USD,0
T04979,W0052,W0048,480488.8,2025-05-31 09:50:00,USD,0
T08085,W0057,W0042,903514.03,2025-05-31 06:50:29,FX,1
T02507,W0058,W0088,525887.02,2025-05-31 15:08:00,FX,0
T06536,W0074,W0094,594413.83,2025-05-31 18:46:00,BOND,0
T00682,W0059,W0007,530956.54,2025-05-31 09:14:00,BOND,0
T00884,W0040,W0096,700428.93,2025-05-31 13:06:00,BOND,0
T04546,W0031,W0083,513972.4,2025-05-31 12:39:00,USD,0
T08610,W0045,W0068,982442.31,2025-05-31 08:50:29,USD,1
T05184,W0050,W0063,519110.7,2025-05-31 18:24:00,BOND,0
T02845,W0066,W0070,612784.19,2025-05-31 09:21:00,BOND,0
T00014,W0044,W0034,476526.19,2025-05-31 18:38:00,FX,0
T06332,W0087,W0068,607436.08,2025-05-31 18:03:00,BOND,0
T00074,W0020,W0054,521750.41,2025-05-31 09:30:00,BOND,0
T00880,W0021,W0051,465998.73,2025-05-31 16:15:00,USD,0
T07087,W0043,W0098,598252.2,2025-05-31 15:25:00,FX,0
T04127,W0046,W0078,613979.52,2025-05-31 09:39:00,USD,0
T01999,W0060,W0074,533640.61,2025-05-31 10:13:00,FX,0
T07697,W0086,W0054,1160065.12,2025-05-31 07:50:29,FX,1
T06128,W0097,W0049,509520.47,2025-05-31 18:22:00,BOND,0
T06018,W0039,W0091,482902.22,2025-05-31 14:22:00,BOND,0
T04391,W0090,W0073,528092.01,2025-05-31 09:53:00,FX,0
T07788,W0020,W0011,1110843.07,2025-05-31 07:50:29,FX,1
T06374,W0076,W0013,540759.29,2025-05-31 14:21:00,BOND,0
T08858,W0094,W0051,908646.95,2025-05-31 08:50:29,BOND,1
T07899,W0030,W0033,1158688.78,2025-05-31 06:50:29,USD,1
T04880,W0004,W0043,506849.02,2025-05-31 11:04:00,BOND,0
T02824,W0014,W0039,525713.03,2025-05-31 09:28:00,FX,0
T03333,W0017,W0100,517058.92,2025-05-31 15:41:00,BOND,0
T03939,W0007,W0055,298603.41,2025-05-31 09:13:00,FX,0
T05494,W0093,W0098,565271.66,2025-05-31 12:27:00,USD,0
T06309,W0011,W0074,515375.93,2025-05-31 16:06:00,FX,0
T03874,W0050,W0065,630199.28,2025-05-31 10:19:00,BOND,0
T01268,W0090,W0040,409891.93,2025-05-31 14:17:00,FX,0
T04712,W0025,W0037,490343.12,2025-05-31 10:42:00,FX,0
T00982,W0073,W0040,506058.71,2025-05-31 14:54:00,BOND,0
T00141,W0016,W0054,567412.67,2025-05-31 12:02:00,FX,0
T02067,W0069,W0092,589927.4,2025-05-31 12:00:00,FX,0
T07249,W0060,W0058,380775.77,2025-05-31 15:11:00,USD,0
T04265,W0073,W0029,516896.44,2025-05-31 11:03:00,USD,0
T08872,W0035,W0044,1142448.69,2025-05-31 07:50:29,FX,1
T09075,W0005,W0032,1025355.13,2025-05-31 07:50:29,BOND,1
T08218,W0021,W0098,1138087.79,2025-05-31 08:50:29,BOND,1
T02290,W0013,W0024,670963.47,2025-05-31 15:49:00,USD,0
T05603,W0040,W0094,334080.96,2025-05-31 10:11:00,BOND,0
T02398,W0021,W0003,421626.7,2025-05-31 17:51:00,BOND,0
T04470,W0048,W0080,512853.2,2025-05-31 18:23:00,BOND,0
T00067,W0056,W0087,677509.56,2025-05-31 12:32:00,BOND,0
T04864,W0018,W0030,526813.32,2025-05-31 09:44:00,USD,0
T08717,W0013,W0037,1057348.6,2025-05-31 07:50:29,FX,1
T03779,W0018,W0001,438514.2,2025-05-31 15:54:00,USD,0
T01306,W0003,W0061,550173.84,2025-05-31 09:18:00,BOND,0
T03331,W0036,W0086,631691.81,2025-05-31 17:47:00,USD,0
T09101,W0100,W0038,981125.18,2025-05-31 07:50:29,BOND,1
T01495,W0084,W0023,591941.99,2025-05-31 09:39:00,FX,0
T08768,W0089,W0019,1023262.85,2025-05-31 06:50:29,USD,1
T08974,W0024,W0022,1023764.09,2025-05-31 07:50:29,FX,1
T02520,W0048,W0098,552922.58,2025-05-31 11:09:00,FX,0
T03053,W0010,W0082,520080.3,2025-05-31 16:09:00,USD,0
T06072,W0051,W0096,477194.47,2025-05-31 13:25:00,FX,0
T07801,W0069,W0060,1115814.17,2025-05-31 06:50:29,BOND,1
T09477,W0058,W0083,1044954.13,2025-05-31 06:50:29,FX,1
T04755,W0090,W0032,504801.47,2025-05-31 17:48:00,FX,0
T08733,W0083,W0009,1156132.43,2025-05-31 07:50:29,USD,1
T06986,W0084,W0094,545970.61,2025-05-31 18:06:00,USD,0
T07210,W0056,W0061,501961.37,2025-05-31 09:03:00,FX,0
T04268,W0078,W0039,513262.61,2025-05-31 10:48:00,USD,0
T01729,W0089,W0089,340420.59,2025-05-31 18:18:00,BOND,0
T09446,W0034,W0043,929128.62,2025-05-31 06:50:29,USD,1
T06774,W0077,W0071,479772.79,2025-05-31 12:29:00,FX,0
T08197,W0065,W0038,1142439.64,2025-05-31 07:50:29,USD,1
T08002,W0022,W0086,1094146.11,2025-05-31 08:50:29,FX,1
T07343,W0070,W0019,516336.31,2025-05-31 17:58:00,BOND,0
T09480,W0007,W0077,1036036.61,2025-05-31 06:50:29,BOND,1
T00747,W0039,W0014,513076.57,2025-05-31 10:55:00,BOND,0
T03224,W0045,W0042,430163.92,2025-05-31 13:58:00,USD,0
T06454,W0034,W0062,592960.43,2025-05-31 17:50:00,FX,0
T00925,W0078,W0053,392193.48,2025-05-31 09:34:00,USD,0
T04476,W0067,W0028,517559.62,2025-05-31 18:23:00,BOND,0
T03881,W0043,W0001,294288.6,2025-05-31 16:29:00,USD,0
T04049,W0083,W0051,523329.54,2025-05-31 11:33:00,FX,0
T05481,W0010,W0083,413277.06,2025-05-31 15:22:00,USD,0
T01179,W0045,W0026,511758.74,2025-05-31 14:29:00,FX,0
T00116,W0052,W0085,501139.45,2025-05-31 11:37:00,USD,0
T07883,W0001,W0074,1040184.71,2025-05-31 06:50:29,USD,1
T03524,W0021,W0012,628521.95,2025-05-31 09:18:00,FX,0
T02648,W0009,W0055,566358.73,2025-05-31 10:57:00,FX,0
T07136,W0029,W0025,579444.77,2025-05-31 19:00:00,USD,0
T00607,W0001,W0029,533543.47,2025-05-31 18:46:00,USD,0
T06572,W0081,W0013,519682.69,2025-05-31 15:17:00,BOND,0
T05410,W0002,W0043,590305.22,2025-05-31 10:13:00,BOND,0
T06700,W0060,W0014,478249.25,2025-05-31 13:48:00,FX,0
T09137,W0028,W0060,1157339.94,2025-05-31 06:50:29,BOND,1
T03773,W0043,W0005,491981.81,2025-05-31 12:37:00,USD,0
T04899,W0058,W0005,416677.35,2025-05-31 15:43:00,USD,0
T01753,W0084,W0047,601343.86,2025-05-31 16:14:00,BOND,0
T02494,W0076,W0014,530819.91,2025-05-31 16:20:00,USD,0
T05190,W0019,W0080,534372.54,2025-05-31 12:17:00,BOND,0
T04961,W0012,W0099,482685.68,2025-05-31 10:29:00,BOND,0
T04329,W0009,W0011,479480.12,2025-05-31 15:23:00,BOND,0
T04325,W0048,W0016,541394.75,2025-05-31 15:02:00,FX,0
T01909,W0018,W0031,355606.76,2025-05-31 18:15:00,FX,0
T05067,W0017,W0034,459140.19,2025-05-31 12:12:00,USD,0
T09869,W0043,W0025,921956.17,2025-05-31 08:50:29,FX,1
T00213,W0095,W0080,560427.01,2025-05-31 15:54:00,FX,0
T07577,W0055,W0053,433534.16,2025-05-31 15:19:00,USD,0
T06941,W0055,W0031,456688.9,2025-05-31 14:50:00,FX,0
T05022,W0023,W0061,616946.65,2025-05-31 16:33:00,USD,0
T00934,W0082,W0078,593878.33,2025-05-31 15:03:00,FX,0
T00856,W0074,W0072,621809.69,2025-05-31 09:40:00,BOND,0
T00065,W0100,W0039,571210.29,2025-05-31 18:33:00,FX,0
T06045,W0026,W0062,439257.76,2025-05-31 14:05:00,USD,0
T07178,W0074,W0023,475571.96,2025-05-31 17:56:00,USD,0
T08793,W0084,W0086,1126978.73,2025-05-31 08:50:29,FX,1
T03886,W0072,W0004,472833.35,2025-05-31 17:33:00,FX,0
T08427,W0091,W0100,1075487.5,2025-05-31 07:50:29,FX,1
T00909,W0031,W0079,438958.08,2025-05-31 16:40:00,BOND,0
T00198,W0087,W0073,590926.36,2025-05-31 15:44:00,BOND,0
T04725,W0007,W0045,641335.88,2025-05-31 16:20:00,FX,0
T01735,W0020,W0011,442815.67,2025-05-31 17:07:00,USD,0
T02285,W0072,W0027,541785.6,2025-05-31 18:06:00,FX,0
T01178,W0019,W0044,542355.67,2025-05-31 09:14:00,FX,0
T03068,W0008,W0079,456330.77,2025-05-31 16:21:00,USD,0
T03977,W0047,W0046,467467.43,2025-05-31 16:24:00,USD,0
T00547,W0035,W0074,471720.55,2025-05-31 18:16:00,BOND,0
T02479,W0027,W0028,361262.41,2025-05-31 12:13:00,USD,0
T07616,W0043,W0020,476486.5,2025-05-31 11:11:00,FX,0
T00835,W0056,W0092,638394.85,2025-05-31 16:49:00,USD,0
T02588,W0079,W0087,550229.09,2025-05-31 11:02:00,BOND,0
T00549,W0078,W0056,534137.75,2025-05-31 18:34:00,USD,0
T02308,W0017,W0073,634054.0,2025-05-31 14:27:00,BOND,0
T08600,W0025,W0043,925133.26,2025-05-31 08:50:29,BOND,1
T01636,W0055,W0045,530024.31,2025-05-31 16:44:00,BOND,0
T04532,W0070,W0083,753601.8,2025-05-31 14:55:00,BOND,0
T08049,W0013,W0028,1092365.53,2025-05-31 08:50:29,FX,1
T09938,W0093,W0037,1072675.29,2025-05-31 08:50:29,FX,1
T03885,W0031,W0088,485376.37,2025-05-31 12:16:00,FX,0
T07984,W0060,W0053,975166.47,2025-05-31 07:50:29,FX,1
T05448,W0052,W0015,540840.1,2025-05-31 15:25:00,FX,0
T07238,W0014,W0056,652642.63,2025-05-31 10:17:00,USD,0
T07080,W0079,W0037,517711.36,2025-05-31 12:42:00,FX,0
T02435,W0017,W0060,550412.64,2025-05-31 15:14:00,BOND,0
T08752,W0047,W0039,1084112.13,2025-05-31 06:50:29,FX,1
T01384,W0070,W0098,465823.28,2025-05-31 18:00:00,FX,0
T01251,W0012,W0095,585346.26,2025-05-31 13:44:00,USD,0
T09858,W0038,W0047,1012132.5,2025-05-31 08:50:29,FX,1
T00804,W0006,W0003,466051.7,2025-05-31 18:00:00,USD,0
T03573,W0026,W0098,546251.89,2025-05-31 12:12:00,FX,0
T04952,W0039,W0035,459163.14,2025-05-31 17:46:00,USD,0
T02200,W0058,W0025,484876.8,2025-05-31 16:46:00,USD,0
T00948,W0035,W0016,682773.58,2025-05-31 13:49:00,BOND,0
T09786,W0069,W0012,922474.31,2025-05-31 08:50:29,FX,1
T07882,W0093,W0051,1158632.33,2025-05-31 08:50:29,USD,1
T05861,W0092,W0055,477026.42,2025-05-31 11:50:00,FX,0
T06867,W0069,W0085,541186.82,2025-05-31 11:32:00,FX,0
T00829,W0086,W0079,556400.7,2025-05-31 15:05:00,FX,0
T00284,W0025,W0024,391575.57,2025-05-31 11:48:00,BOND,0
T06616,W0084,W0066,473739.7,2025-05-31 17:59:00,BOND,0
T04794,W0038,W0091,494916.92,2025-05-31 09:31:00,USD,0
T06935,W0065,W0089,555981.44,2025-05-31 13:25:00,USD,0
T03029,W0012,W0025,380395.66,2025-05-31 15:25:00,BOND,0
T05609,W0022,W0002,474057.79,2025-05-31 11:58:00,USD,0
T08387,W0071,W0097,1076920.3,2025-05-31 06:50:29,USD,1
T03007,W0051,W0099,559294.62,2025-05-31 09:30:00,FX,0
T00449,W0085,W0059,515218.36,2025-05-31 17:54:00,BOND,0
T05671,W0093,W0058,491463.08,2025-05-31 17:20:00,FX,0
T05246,W0095,W0065,418260.03,2025-05-31 18:17:00,FX,0
T06518,W0026,W0072,481514.93,2025-05-31 09:11:00,USD,0
T09458,W0006,W0091,1146434.51,2025-05-31 06:50:29,FX,1
T00652,W0060,W0065,414311.83,2025-05-31 17:46:00,FX,0
T03109,W0068,W0089,514732.25,2025-05-31 13:23:00,USD,0
T02495,W0018,W0028,425320.77,2025-05-31 15:31:00,USD,0
T05290,W0004,W0024,447315.05,2025-05-31 09:32:00,FX,0
T03209,W0097,W0033,457583.29,2025-05-31 10:15:00,USD,0
T07302,W0008,W0013,361964.24,2025-05-31 14:10:00,USD,0
T07474,W0100,W0015,350258.46,2025-05-31 11:05:00,USD,0
T03513,W0009,W0019,498135.92,2025-05-31 18:04:00,BOND,0
T02372,W0005,W0004,571036.36,2025-05-31 11:01:00,USD,0
T02709,W0095,W0038,402944.91,2025-05-31 11:31:00,FX,0
T05837,W0014,W0032,559339.44,2025-05-31 10:55:00,USD,0
T06543,W0098,W0069,484458.9,2025-05-31 18:08:00,FX,0
T03138,W0034,W0082,494687.21,2025-05-31 13:03:00,FX,0
T08336,W0024,W0072,1113292.78,2025-05-31 07:50:29,BOND,1
T03485,W0071,W0078,696515.17,2025-05-31 16:14:00,USD,0
T08849,W0035,W0092,951274.02,2025-05-31 06:50:29,FX,1
T05996,W0083,W0036,326472.93,2025-05-31 13:58:00,FX,0
T09690,W0011,W0028,1099928.32,2025-05-31 08:50:29,USD,1
T03807,W0045,W0030,393719.76,2025-05-31 11:23:00,BOND,0
T09510,W0077,W0034,1155162.76,2025-05-31 08:50:29,FX,1
T09079,W0012,W0033,1093714.31,2025-05-31 06:50:29,FX,1
T09892,W0100,W0052,1006220.28,2025-05-31 06:50:29,FX,1
T05815,W0030,W0097,516456.2,2025-05-31 09:27:00,BOND,0
T06555,W0097,W0071,519777.57,2025-05-31 17:15:00,BOND,0
T08829,W0097,W0026,946762.31,2025-05-31 06:50:29,BOND,1
T01828,W0083,W0047,514561.92,2025-05-31 18:08:00,FX,0
T01018,W0078,W0053,413655.58,2025-05-31 12:26:00,USD,0
T01065,W0025,W0094,484821.78,2025-05-31 13:16:00,FX,0
T01782,W0053,W0077,461049.25,2025-05-31 10:04:00,USD,0
T06591,W0100,W0041,581597.05,2025-05-31 10:29:00,BOND,0
T08965,W0085,W0001,931816.92,2025-05-31 06:50:29,BOND,1
T00882,W0069,W0029,492330.58,2025-05-31 14:33:00,BOND,0
T05424,W0094,W0025,537471.07,2025-05-31 17:13:00,USD,0
T09894,W0032,W0038,968021.18,2025-05-31 06:50:29,BOND,1
T08957,W0046,W0096,1110302.08,2025-05-31 08:50:29,BOND,1
T01845,W0071,W0027,492849.29,2025-05-31 13:09:00,BOND,0
T00955,W0051,W0055,490472.73,2025-05-31 14:35:00,BOND,0
T03716,W0082,W0016,472770.84,2025-05-31 10:37:00,BOND,0
T06854,W0077,W0055,556894.35,2025-05-31 17:34:00,FX,0
T02233,W0064,W0091,447461.79,2025-05-31 14:47:00,USD,0
T01699,W0075,W0060,464806.92,2025-05-31 13:50:00,USD,0
T09965,W0058,W0031,1106590.98,2025-05-31 06:50:29,USD,1
T03633,W0100,W0080,488149.87,2025-05-31 09:57:00,FX,0
T00822,W0095,W0008,494954.13,2025-05-31 15:46:00,USD,0
T01196,W0041,W0030,531221.28,2025-05-31 09:14:00,BOND,0
T06455,W0053,W0091,420067.57,2025-05-31 16:15:00,USD,0
T08852,W0046,W0019,1173053.86,2025-05-31 07:50:29,BOND,1
T07194,W0051,W0077,537688.02,2025-05-31 10:20:00,USD,0
T02698,W0086,W0023,573213.98,2025-05-31 16:32:00,BOND,0
T01764,W0045,W0081,508963.69,2025-05-31 10:51:00,BOND,0
T06512,W0080,W0012,523758.04,2025-05-31 14:08:00,BOND,0
T05272,W0067,W0094,602009.82,2025-05-31 16:38:00,BOND,0
T08537,W0097,W0057,1007302.74,2025-05-31 08:50:29,USD,1
T01829,W0097,W0026,408485.89,2025-05-31 10:50:00,USD,0
T05826,W0057,W0001,539433.09,2025-05-31 13:59:00,BOND,0
T09408,W0080,W0072,1193350.47,2025-05-31 06:50:29,FX,1
T09509,W0011,W0095,1097371.5,2025-05-31 06:50:29,FX,1
T01321,W0009,W0084,445763.62,2025-05-31 18:15:00,BOND,0
T03878,W0057,W0092,457596.39,2025-05-31 17:44:00,USD,0
T01529,W0054,W0075,365967.8,2025-05-31 14:11:00,BOND,0
T04942,W0098,W0056,550645.49,2025-05-31 11:19:00,BOND,0
T01106,W0049,W0082,295915.53,2025-05-31 10:05:00,BOND,0
T05327,W0077,W0005,549975.24,2025-05-31 09:38:00,USD,0
T06625,W0080,W0005,463078.11,2025-05-31 17:13:00,USD,0
T02183,W0063,W0072,609539.15,2025-05-31 10:07:00,FX,0
T05145,W0097,W0063,561709.86,2025-05-31 14:31:00,BOND,0
T04353,W0064,W0031,496650.74,2025-05-31 10:34:00,FX,0
T01485,W0007,W0007,525960.53,2025-05-31 13:20:00,FX,0
T02275,W0080,W0047,362127.07,2025-05-31 15:23:00,USD,0
T04492,W0055,W0061,473468.74,2025-05-31 15:45:00,FX,0
T00737,W0067,W0050,479274.34,2025-05-31 09:15:00,FX,0
T01045,W0077,W0079,496319.93,2025-05-31 11:33:00,FX,0
T02835,W0013,W0057,497283.85,2025-05-31 16:19:00,BOND,0
T01979,W0056,W0024,453700.58,2025-05-31 09:33:00,BOND,0
T02293,W0097,W0064,550044.34,2025-05-31 12:58:00,BOND,0
T02715,W0017,W0001,570980.26,2025-05-31 18:32:00,USD,0
T04115,W0004,W0054,664240.67,2025-05-31 13:36:00,FX,0
T05042,W0084,W0014,478311.88,2025-05-31 14:06:00,BOND,0
T01896,W0079,W0090,473096.34,2025-05-31 12:27:00,FX,0
T05124,W0094,W0078,423904.98,2025-05-31 13:33:00,BOND,0
T00706,W0066,W0088,624249.06,2025-05-31 10:25:00,BOND,0
T03512,W0016,W0083,429606.14,2025-05-31 16:12:00,BOND,0
T01886,W0042,W0071,562790.48,2025-05-31 13:11:00,BOND,0
T09027,W0026,W0082,1071484.49,2025-05-31 08:50:29,USD,1
T08463,W0045,W0059,1077562.13,2025-05-31 08:50:29,BOND,1
T09094,W0011,W0099,934548.42,2025-05-31 07:50:29,USD,1
T09546,W0044,W0083,1145940.07,2025-05-31 06:50:29,FX,1
T09512,W0091,W0026,998012.61,2025-05-31 06:50:29,USD,1
T07406,W0038,W0012,428340.97,2025-05-31 18:15:00,BOND,0
T03667,W0073,W0014,433884.79,2025-05-31 16:27:00,BOND,0
T00143,W0086,W0057,545091.39,2025-05-31 12:38:00,USD,0
T00896,W0025,W0045,596040.22,2025-05-31 16:56:00,FX,0
T06647,W0072,W0040,543285.62,2025-05-31 18:02:00,FX,0
T06161,W0040,W0095,347513.13,2025-05-31 10:44:00,BOND,0
T08014,W0048,W0061,900070.49,2025-05-31 06:50:29,USD,1
T03893,W0073,W0056,532710.09,2025-05-31 12:11:00,FX,0
T04756,W0041,W0034,384899.8,2025-05-31 13:58:00,BOND,0
T05210,W0073,W0094,438117.86,2025-05-31 09:58:00,BOND,0
T06430,W0034,W0004,491310.39,2025-05-31 15:41:00,FX,0
T08773,W0031,W0006,1148938.96,2025-05-31 08:50:29,FX,1
T00300,W0086,W0005,586617.75,2025-05-31 15:48:00,USD,0
T06946,W0030,W0034,487412.43,2025-05-31 13:23:00,USD,0
T07266,W0006,W0099,579550.12,2025-05-31 17:36:00,FX,0
T03242,W0036,W0054,437473.35,2025-05-31 17:42:00,USD,0
T05612,W0015,W0056,453000.05,2025-05-31 13:04:00,BOND,0
T01149,W0056,W0068,566780.61,2025-05-31 14:06:00,FX,0
T09298,W0049,W0070,1008779.58,2025-05-31 08:50:29,USD,1
T02525,W0061,W0027,643947.95,2025-05-31 12:05:00,USD,0
T02864,W0047,W0076,480541.62,2025-05-31 10:38:00,USD,0
T06955,W0067,W0023,535200.68,2025-05-31 14:36:00,USD,0
T04056,W0090,W0071,446193.69,2025-05-31 16:44:00,BOND,0
T02298,W0094,W0095,420111.26,2025-05-31 16:15:00,BOND,0
T09146,W0030,W0077,1143376.55,2025-05-31 08:50:29,BOND,1
T03425,W0076,W0025,588384.2,2025-05-31 10:11:00,USD,0
T04789,W0067,W0045,597220.78,2025-05-31 09:47:00,USD,0
T00620,W0099,W0100,547388.35,2025-05-31 13:00:00,BOND,0
T03194,W0083,W0052,449056.58,2025-05-31 15:17:00,BOND,0
T00388,W0086,W0015,536270.42,2025-05-31 13:41:00,BOND,0
T04403,W0051,W0054,565879.49,2025-05-31 13:47:00,USD,0
T00361,W0055,W0078,477362.46,2025-05-31 12:06:00,BOND,0
T03062,W0081,W0036,386201.07,2025-05-31 11:52:00,FX,0
T09983,W0068,W0092,992882.33,2025-05-31 06:50:29,FX,1
T02462,W0096,W0054,451913.32,2025-05-31 16:26:00,FX,0
T02364,W0068,W0090,450281.49,2025-05-31 09:34:00,USD,0
T04785,W0084,W0055,486326.34,2025-05-31 12:43:00,BOND,0
T07645,W0036,W0056,638725.96,2025-05-31 13:07:00,USD,0
T08940,W0039,W0081,1044285.84,2025-05-31 06:50:29,BOND,1
T09016,W0017,W0070,970655.44,2025-05-31 06:50:29,BOND,1
T03458,W0013,W0093,527418.08,2025-05-31 13:28:00,USD,0
T03193,W0034,W0094,613468.57,2025-05-31 13:42:00,BOND,0
T05928,W0077,W0030,444531.94,2025-05-31 12:22:00,BOND,0
T03888,W0069,W0040,470575.59,2025-05-31 10:15:00,USD,0
T01515,W0005,W0013,394494.72,2025-05-31 12:35:00,USD,0
T01290,W0048,W0084,505569.99,2025-05-31 10:15:00,USD,0
T01280,W0058,W0059,411024.5,2025-05-31 13:58:00,BOND,0
T06689,W0019,W0040,557998.98,2025-05-31 17:28:00,FX,0
T05141,W0051,W0075,637478.76,2025-05-31 14:21:00,USD,0
T05419,W0015,W0012,378537.24,2025-05-31 17:16:00,USD,0
T00439,W0047,W0070,573479.99,2025-05-31 12:51:00,USD,0
T02013,W0023,W0028,438385.08,2025-05-31 11:29:00,USD,0
T07263,W0003,W0034,550244.67,2025-05-31 13:43:00,FX,0
T04411,W0098,W0069,328542.88,2025-05-31 17:41:00,BOND,0
T01737,W0078,W0007,559328.92,2025-05-31 15:44:00,FX,0
T08865,W0061,W0028,1066895.0,2025-05-31 07:50:29,FX,1
T08987,W0015,W0034,1026015.97,2025-05-31 06:50:29,BOND,1
T05351,W0030,W0030,319310.51,2025-05-31 12:41:00,BOND,0
T04308,W0088,W0036,561437.09,2025-05-31 11:09:00,FX,0
T04076,W0095,W0066,548693.36,2025-05-31 14:28:00,FX,0
T04207,W0061,W0030,474442.79,2025-05-31 14:53:00,FX,0
T00802,W0087,W0092,526272.19,2025-05-31 15:02:00,USD,0
T08722,W0080,W0065,1078182.85,2025-05-31 06:50:29,FX,1
T09518,W0062,W0044,1155221.09,2025-05-31 06:50:29,BOND,1
T08186,W0071,W0082,1018459.93,2025-05-31 07:50:29,USD,1
T05507,W0050,W0097,433919.58,2025-05-31 18:48:00,FX,0
T04776,W0026,W0043,640909.09,2025-05-31 13:55:00,USD,0
T04863,W0077,W0063,528997.99,2025-05-31 13:14:00,BOND,0
T06328,W0031,W0032,374554.2,2025-05-31 10:25:00,BOND,0
T09242,W0089,W0084,1071095.55,2025-05-31 06:50:29,FX,1
T08316,W0028,W0028,967414.77,2025-05-31 08:50:29,USD,1
T05544,W0057,W0035,531764.72,2025-05-31 17:44:00,BOND,0
T09987,W0078,W0023,1115918.5,2025-05-31 08:50:29,FX,1
T08109,W0080,W0069,919723.47,2025-05-31 07:50:29,FX,1
T08836,W0071,W0045,1132899.98,2025-05-31 07:50:29,USD,1
T05781,W0054,W0020,503885.88,2025-05-31 10:42:00,BOND,0
T07251,W0084,W0093,440251.58,2025-05-31 11:40:00,BOND,0
T02994,W0074,W0093,495371.4,2025-05-31 15:01:00,FX,0
T04710,W0100,W0061,537547.86,2025-05-31 16:30:00,BOND,0
T07404,W0063,W0066,485392.05,2025-05-31 12:13:00,USD,0
T08403,W0079,W0064,915269.24,2025-05-31 08:50:29,USD,1
T03169,W0006,W0099,324412.18,2025-05-31 09:07:00,USD,0
T05400,W0032,W0090,647805.88,2025-05-31 10:42:00,BOND,0
T03404,W0054,W0090,521214.86,2025-05-31 12:06:00,BOND,0
T02288,W0023,W0020,604563.61,2025-05-31 13:35:00,USD,0
T00024,W0052,W0003,648190.01,2025-05-31 17:48:00,BOND,0
T02156,W0076,W0089,561971.65,2025-05-31 17:31:00,FX,0
T02794,W0088,W0082,516075.43,2025-05-31 09:22:00,FX,0
T05799,W0038,W0027,540632.11,2025-05-31 17:43:00,USD,0
T02110,W0022,W0078,562405.86,2025-05-31 09:22:00,FX,0
T09943,W0043,W0097,1164624.0,2025-05-31 08:50:29,BOND,1
T01348,W0049,W0087,380750.26,2025-05-31 13:01:00,USD,0
T09695,W0019,W0020,1108347.98,2025-05-31 08:50:29,FX,1
T08414,W0087,W0076,1007131.43,2025-05-31 08:50:29,BOND,1
T08689,W0072,W0055,1058898.39,2025-05-31 08:50:29,USD,1
T04317,W0043,W0070,423859.13,2025-05-31 12:31:00,BOND,0
T06903,W0067,W0070,492853.69,2025-05-31 16:46:00,BOND,0
T08665,W0009,W0021,913263.67,2025-05-31 08:50:29,USD,1
T05741,W0090,W0077,543967.63,2025-05-31 13:08:00,BOND,0
T08674,W0021,W0067,936815.78,2025-05-31 07:50:29,USD,1
T00529,W0081,W0022,405905.68,2025-05-31 09:25:00,USD,0
T00998,W0095,W0083,609927.85,2025-05-31 13:12:00,FX,0
T06834,W0067,W0016,411455.68,2025-05-31 11:28:00,BOND,0
T07723,W0011,W0025,979077.02,2025-05-31 07:50:29,USD,1
T02060,W0030,W0006,363761.67,2025-05-31 11:22:00,BOND,0
T07855,W0013,W0052,1075750.65,2025-05-31 06:50:29,FX,1
T00375,W0008,W0072,557274.49,2025-05-31 11:42:00,USD,0
T02680,W0087,W0076,427896.54,2025-05-31 14:11:00,USD,0
T08052,W0002,W0031,1095322.26,2025-05-31 08:50:29,BOND,1
T06482,W0051,W0071,486751.45,2025-05-31 16:22:00,USD,0
T02393,W0016,W0031,655007.61,2025-05-31 11:14:00,USD,0
T00114,W0059,W0094,487598.3,2025-05-31 18:54:00,USD,0
T07553,W0024,W0065,425743.66,2025-05-31 14:07:00,FX,0
T06362,W0003,W0070,467627.95,2025-05-31 18:13:00,USD,0
T07269,W0072,W0040,402132.58,2025-05-31 09:39:00,FX,0
T05987,W0031,W0098,471872.01,2025-05-31 17:58:00,FX,0
T02569,W0069,W0093,467682.98,2025-05-31 14:05:00,USD,0
T04136,W0056,W0008,599382.71,2025-05-31 10:45:00,BOND,0
T07361,W0085,W0032,498701.64,2025-05-31 14:13:00,BOND,0
T04568,W0094,W0036,522259.69,2025-05-31 13:36:00,BOND,0
T01871,W0075,W0053,583262.43,2025-05-31 16:12:00,USD,0
T04335,W0016,W0071,378520.91,2025-05-31 13:09:00,FX,0
T01883,W0050,W0055,536748.9,2025-05-31 11:49:00,FX,0
T04472,W0006,W0005,507781.22,2025-05-31 12:37:00,FX,0
T08326,W0019,W0029,909551.0,2025-05-31 07:50:29,BOND,1
T08701,W0008,W0028,1053074.87,2025-05-31 07:50:29,BOND,1
T04924,W0002,W0023,512776.06,2025-05-31 11:12:00,USD,0
T01438,W0080,W0095,480049.75,2025-05-31 15:24:00,BOND,0
T02793,W0049,W0097,509961.59,2025-05-31 18:21:00,BOND,0
T01651,W0023,W0079,463374.52,2025-05-31 18:01:00,USD,0
T08234,W0043,W0092,1084938.47,2025-05-31 08:50:29,USD,1
T02916,W0054,W0036,581471.83,2025-05-31 18:29:00,FX,0
T06151,W0081,W0028,575504.65,2025-05-31 14:16:00,USD,0
T05980,W0021,W0055,450711.17,2025-05-31 14:33:00,BOND,0
T08031,W0094,W0098,1146972.73,2025-05-31 06:50:29,BOND,1
T08487,W0053,W0057,1066296.91,2025-05-31 07:50:29,USD,1
T04621,W0080,W0085,557572.82,2025-05-31 15:55:00,FX,0
T03002,W0058,W0071,481369.39,2025-05-31 18:19:00,USD,0
T00422,W0023,W0016,468015.02,2025-05-31 15:13:00,BOND,0
T01086,W0068,W0098,439458.61,2025-05-31 13:47:00,USD,0
T03615,W0071,W0064,437680.08,2025-05-31 13:13:00,FX,0
T05989,W0056,W0094,545199.1,2025-05-31 16:32:00,BOND,0
T05191,W0091,W0012,390918.83,2025-05-31 11:36:00,USD,0
T09633,W0069,W0003,1013620.87,2025-05-31 07:50:29,FX,1
T06174,W0019,W0041,554504.21,2025-05-31 09:17:00,BOND,0
T05052,W0033,W0072,360432.19,2025-05-31 10:04:00,BOND,0
T04750,W0037,W0066,389808.36,2025-05-31 16:23:00,FX,0
T02807,W0015,W0065,552443.6,2025-05-31 10:18:00,FX,0
T05918,W0018,W0073,527398.6,2025-05-31 16:12:00,USD,0
T04672,W0092,W0073,501317.18,2025-05-31 18:32:00,FX,0
T07954,W0011,W0027,1119204.4,2025-05-31 06:50:29,FX,1
T05084,W0038,W0022,539467.93,2025-05-31 14:57:00,USD,0
T05235,W0011,W0043,570337.53,2025-05-31 18:23:00,USD,0
T03717,W0041,W0065,513943.24,2025-05-31 17:48:00,USD,0
T07967,W0048,W0014,1095728.13,2025-05-31 08:50:29,FX,1
T03494,W0069,W0063,506578.69,2025-05-31 09:39:00,BOND,0
T09941,W0100,W0008,987984.83,2025-05-31 06:50:29,USD,1
T09588,W0047,W0028,1106122.98,2025-05-31 08:50:29,USD,1
T04972,W0086,W0086,523189.86,2025-05-31 11:30:00,BOND,0
T05984,W0034,W0026,491218.51,2025-05-31 13:47:00,BOND,0
T09169,W0010,W0009,1083675.76,2025-05-31 08:50:29,FX,1
T07489,W0007,W0071,497541.18,2025-05-31 16:29:00,BOND,0
T07288,W0096,W0006,395427.31,2025-05-31 15:44:00,FX,0
T07546,W0032,W0008,422446.98,2025-05-31 17:15:00,USD,0
T06743,W0090,W0011,619222.51,2025-05-31 10:29:00,BOND,0
T03273,W0032,W0097,429469.22,2025-05-31 11:42:00,BOND,0
T09222,W0079,W0048,1019660.73,2025-05-31 08:50:29,BOND,1
T09729,W0041,W0055,1190983.23,2025-05-31 07:50:29,FX,1
T07307,W0086,W0051,587318.87,2025-05-31 14:23:00,USD,0
T07084,W0070,W0017,626708.39,2025-05-31 13:08:00,USD,0
T08460,W0076,W0063,1015920.18,2025-05-31 08:50:29,FX,1
T07904,W0065,W0062,1080499.31,2025-05-31 08:50:29,FX,1
T09438,W0031,W0011,959848.48,2025-05-31 07:50:29,USD,1
T04839,W0055,W0057,559614.33,2025-05-31 11:16:00,FX,0
T03547,W0003,W0084,353554.91,2025-05-31 18:12:00,FX,0
T05884,W0085,W0094,578367.69,2025-05-31 14:15:00,FX,0
T02952,W0056,W0031,594440.53,2025-05-31 17:47:00,FX,0
T06604,W0034,W0093,383599.37,2025-05-31 13:56:00,USD,0
T07202,W0064,W0064,483340.93,2025-05-31 10:34:00,BOND,0
T00219,W0027,W0085,528825.48,2025-05-31 10:45:00,USD,0
T05258,W0036,W0042,404509.71,2025-05-31 16:42:00,BOND,0
T04576,W0035,W0054,598191.62,2025-05-31 13:43:00,USD,0
T08253,W0046,W0032,1074336.46,2025-05-31 07:50:29,USD,1
T01957,W0007,W0031,467544.86,2025-05-31 18:14:00,FX,0
T07250,W0019,W0061,465641.16,2025-05-31 10:50:00,FX,0
T09623,W0089,W0045,953571.26,2025-05-31 07:50:29,FX,1
T00796,W0093,W0091,337797.73,2025-05-31 14:13:00,FX,0
T08182,W0016,W0085,915067.88,2025-05-31 08:50:29,FX,1
T01289,W0076,W0086,534232.26,2025-05-31 14:36:00,BOND,0
T03539,W0096,W0052,564735.89,2025-05-31 18:24:00,USD,0
T03051,W0073,W0067,515138.06,2025-05-31 17:20:00,FX,0
T02271,W0041,W0087,547790.97,2025-05-31 12:29:00,FX,0
T04908,W0007,W0020,459146.17,2025-05-31 12:46:00,FX,0
T00862,W0021,W0056,339271.21,2025-05-31 17:28:00,FX,0
T05250,W0068,W0096,561830.15,2025-05-31 17:42:00,BOND,0
T01409,W0062,W0094,451398.35,2025-05-31 13:46:00,USD,0
T03705,W0077,W0035,426835.78,2025-05-31 10:47:00,FX,0
T01352,W0081,W0004,453132.22,2025-05-31 18:43:00,USD,0
T09156,W0085,W0014,984917.81,2025-05-31 07:50:29,USD,1
T03329,W0042,W0090,589148.38,2025-05-31 17:22:00,BOND,0
T01046,W0066,W0037,498355.77,2025-05-31 17:26:00,FX,0
T09020,W0085,W0043,992183.19,2025-05-31 08:50:29,BOND,1
T09330,W0094,W0071,917179.12,2025-05-31 08:50:29,BOND,1
T07342,W0011,W0027,390464.41,2025-05-31 09:28:00,BOND,0
T08089,W0011,W0084,1150854.43,2025-05-31 08:50:29,BOND,1
T01168,W0074,W0086,391629.98,2025-05-31 18:27:00,FX,0
T05260,W0075,W0002,429025.54,2025-05-31 17:59:00,FX,0
T01418,W0071,W0060,511293.06,2025-05-31 10:11:00,BOND,0
T08905,W0061,W0014,966592.1,2025-05-31 07:50:29,BOND,1
T03445,W0012,W0021,498283.48,2025-05-31 16:53:00,USD,0
T01936,W0025,W0097,530361.91,2025-05-31 13:45:00,FX,0
T03613,W0039,W0016,529111.35,2025-05-31 10:42:00,FX,0
T05315,W0022,W0011,517845.74,2025-05-31 10:30:00,USD,0
T04671,W0011,W0057,442163.62,2025-05-31 10:12:00,BOND,0
T09774,W0006,W0048,1181202.76,2025-05-31 08:50:29,USD,1
T04512,W0051,W0051,457352.69,2025-05-31 10:04:00,BOND,0
T01500,W0070,W0019,671839.02,2025-05-31 14:37:00,FX,0
T07407,W0093,W0046,493395.8,2025-05-31 12:31:00,BOND,0
T03253,W0081,W0090,543241.28,2025-05-31 10:58:00,FX,0
T02995,W0079,W0004,495388.05,2025-05-31 13:11:00,FX,0
T08313,W0085,W0001,1056407.4,2025-05-31 07:50:29,USD,1
T02737,W0028,W0081,597406.23,2025-05-31 17:55:00,FX,0
T09139,W0053,W0047,1193496.54,2025-05-31 08:50:29,FX,1
T03692,W0011,W0077,336111.06,2025-05-31 18:36:00,BOND,0
T00418,W0054,W0060,408202.57,2025-05-31 14:30:00,BOND,0
T02763,W0053,W0055,458848.21,2025-05-31 09:02:00,BOND,0
T02342,W0028,W0065,525580.03,2025-05-31 09:38:00,USD,0
T02219,W0003,W0078,548676.26,2025-05-31 14:08:00,FX,0
T08897,W0041,W0068,1123197.96,2025-05-31 07:50:29,FX,1
T02625,W0063,W0063,371897.98,2025-05-31 10:36:00,USD,0
T02530,W0023,W0045,531177.16,2025-05-31 14:58:00,FX,0
T01945,W0082,W0003,430910.79,2025-05-31 13:55:00,USD,0
T02605,W0033,W0090,438729.61,2025-05-31 18:17:00,BOND,0
T08535,W0039,W0037,1079111.62,2025-05-31 08:50:29,BOND,1
T00911,W0037,W0044,541427.16,2025-05-31 11:59:00,FX,0
T09530,W0021,W0053,1145366.19,2025-05-31 06:50:29,FX,1
T08684,W0002,W0057,1010847.24,2025-05-31 07:50:29,BOND,1
T00358,W0008,W0078,589795.38,2025-05-31 12:08:00,FX,0
T02942,W0065,W0078,548744.76,2025-05-31 13:54:00,FX,0
T08345,W0012,W0061,959503.92,2025-05-31 06:50:29,USD,1
T05682,W0013,W0020,591435.92,2025-05-31 18:36:00,BOND,0
T01176,W0067,W0002,505722.89,2025-05-31 14:06:00,USD,0
T02797,W0030,W0093,545595.7,2025-05-31 17:40:00,BOND,0
T02641,W0011,W0091,431074.24,2025-05-31 15:24:00,USD,0
T08911,W0087,W0080,1169097.61,2025-05-31 06:50:29,USD,1
T05345,W0007,W0086,477600.75,2025-05-31 12:31:00,USD,0
T08116,W0015,W0009,944240.36,2025-05-31 07:50:29,FX,1
T04009,W0088,W0063,515886.06,2025-05-31 15:20:00,FX,0
T09063,W0037,W0006,968608.3,2025-05-31 07:50:29,BOND,1
T02896,W0077,W0047,540761.54,2025-05-31 13:23:00,USD,0
T09347,W0086,W0075,923883.58,2025-05-31 06:50:29,BOND,1
T00768,W0022,W0058,538108.69,2025-05-31 17:26:00,USD,0
T03894,W0008,W0018,627072.77,2025-05-31 16:10:00,BOND,0
T09186,W0010,W0068,919264.92,2025-05-31 08:50:29,USD,1
T07447,W0055,W0008,532221.95,2025-05-31 13:48:00,FX,0
T05602,W0010,W0020,430372.05,2025-05-31 17:19:00,BOND,0
T01930,W0077,W0094,508829.26,2025-05-31 14:16:00,FX,0
T02930,W0071,W0100,467232.32,2025-05-31 16:26:00,BOND,0
T06440,W0070,W0017,404948.84,2025-05-31 10:26:00,USD,0
T00378,W0092,W0061,585315.68,2025-05-31 14:27:00,BOND,0
T06020,W0037,W0053,500573.54,2025-05-31 12:35:00,USD,0
T02162,W0069,W0070,476138.37,2025-05-31 12:33:00,FX,0
T09600,W0092,W0046,1159061.14,2025-05-31 07:50:29,BOND,1
T07301,W0093,W0092,540388.11,2025-05-31 13:36:00,USD,0
T02938,W0047,W0017,435604.01,2025-05-31 18:06:00,USD,0
T09650,W0022,W0005,1196232.23,2025-05-31 08:50:29,FX,1
T08909,W0001,W0054,1002491.69,2025-05-31 07:50:29,FX,1
T01992,W0001,W0024,553902.21,2025-05-31 11:46:00,FX,0
T06478,W0002,W0021,624034.2,2025-05-31 16:09:00,USD,0
T05663,W0075,W0004,459953.79,2025-05-31 15:59:00,FX,0
T06033,W0066,W0087,657594.43,2025-05-31 14:47:00,USD,0
T02791,W0045,W0057,532738.79,2025-05-31 10:12:00,BOND,0
T00642,W0083,W0053,607401.69,2025-05-31 17:19:00,USD,0
T00458,W0080,W0065,376184.7,2025-05-31 12:29:00,FX,0
T07222,W0005,W0011,582609.94,2025-05-31 10:25:00,BOND,0
T00781,W0027,W0083,561022.48,2025-05-31 13:11:00,FX,0
T03296,W0048,W0016,592315.98,2025-05-31 13:40:00,USD,0
T05023,W0011,W0086,721529.95,2025-05-31 18:53:00,BOND,0
T03294,W0059,W0052,473489.37,2025-05-31 15:48:00,FX,0
T04432,W0028,W0016,565662.32,2025-05-31 15:03:00,USD,0
T03187,W0011,W0020,641822.77,2025-05-31 12:43:00,USD,0
T03835,W0089,W0015,584104.39,2025-05-31 10:08:00,FX,0
T05196,W0002,W0030,663515.12,2025-05-31 09:34:00,USD,0
T07705,W0030,W0036,990942.35,2025-05-31 08:50:29,FX,1
T01577,W0097,W0059,398791.35,2025-05-31 11:40:00,BOND,0
T00372,W0018,W0014,481157.31,2025-05-31 09:53:00,FX,0
T07349,W0084,W0007,563156.74,2025-05-31 17:03:00,FX,0
T03775,W0031,W0001,530968.6,2025-05-31 19:00:00,BOND,0
T02894,W0081,W0006,443488.12,2025-05-31 16:47:00,FX,0
T08065,W0092,W0005,925672.62,2025-05-31 07:50:29,USD,1
T09664,W0036,W0089,915126.78,2025-05-31 07:50:29,BOND,1
T09950,W0032,W0052,1058661.61,2025-05-31 06:50:29,FX,1
T02931,W0092,W0084,551625.89,2025-05-31 12:35:00,BOND,0
T02681,W0047,W0042,459946.65,2025-05-31 17:29:00,FX,0
T02981,W0047,W0001,519531.22,2025-05-31 18:23:00,BOND,0
T05369,W0084,W0031,513928.04,2025-05-31 14:32:00,USD,0
T03438,W0095,W0025,609012.29,2025-05-31 11:39:00,BOND,0
T05626,W0035,W0033,535950.96,2025-05-31 18:26:00,FX,0
T01564,W0013,W0004,320131.09,2025-05-31 12:39:00,BOND,0
T08700,W0098,W0082,1078556.75,2025-05-31 08:50:29,BOND,1
T00287,W0059,W0064,339638.61,2025-05-31 14:09:00,USD,0
T04134,W0013,W0090,550711.96,2025-05-31 17:42:00,USD,0
T04974,W0100,W0040,598839.41,2025-05-31 12:29:00,BOND,0
T06605,W0044,W0064,523660.64,2025-05-31 14:16:00,BOND,0
T03366,W0076,W0077,512676.74,2025-05-31 11:23:00,FX,0
T01751,W0029,W0065,465215.14,2025-05-31 13:08:00,FX,0
T00096,W0097,W0021,653119.46,2025-05-31 16:56:00,USD,0
T06366,W0022,W0099,467697.26,2025-05-31 10:13:00,FX,0
T03616,W0033,W0055,507692.32,2025-05-31 13:29:00,USD,0
T09547,W0075,W0002,1077919.4,2025-05-31 07:50:29,FX,1
T04083,W0060,W0017,381649.16,2025-05-31 17:27:00,BOND,0
T08507,W0022,W0038,918017.41,2025-05-31 07:50:29,FX,1
T03210,W0096,W0067,561870.0,2025-05-31 17:09:00,BOND,0
T00068,W0091,W0056,438951.45,2025-05-31 18:50:00,BOND,0
T07989,W0004,W0040,1049115.22,2025-05-31 08:50:29,FX,1
T07711,W0064,W0050,906140.34,2025-05-31 08:50:29,BOND,1
T07876,W0006,W0055,1196060.98,2025-05-31 06:50:29,BOND,1
T08549,W0020,W0027,1104465.64,2025-05-31 06:50:29,BOND,1
T08151,W0029,W0013,1131366.15,2025-05-31 07:50:29,USD,1
T09629,W0059,W0051,1104537.03,2025-05-31 07:50:29,FX,1
T08538,W0022,W0100,1196285.29,2025-05-31 06:50:29,BOND,1
T03838,W0012,W0076,518827.66,2025-05-31 09:37:00,USD,0
T00174,W0069,W0018,432081.85,2025-05-31 11:31:00,USD,0
T09130,W0020,W0022,1082815.61,2025-05-31 08:50:29,BOND,1
T05373,W0046,W0058,508489.58,2025-05-31 17:38:00,BOND,0
T02744,W0049,W0005,424531.5,2025-05-31 16:59:00,BOND,0
T00526,W0076,W0071,436026.84,2025-05-31 11:43:00,USD,0
T04797,W0083,W0043,484507.59,2025-05-31 10:48:00,BOND,0
T08490,W0004,W0097,1006297.46,2025-05-31 06:50:29,BOND,1
T09870,W0002,W0049,991781.71,2025-05-31 07:50:29,BOND,1
T00621,W0049,W0082,417742.54,2025-05-31 15:28:00,USD,0
T00021,W0040,W0090,644049.72,2025-05-31 12:42:00,BOND,0
T00279,W0078,W0098,550000.07,2025-05-31 10:03:00,BOND,0
T07822,W0090,W0081,1165814.14,2025-05-31 07:50:29,FX,1
T02695,W0008,W0025,525348.42,2025-05-31 13:19:00,USD,0
T01455,W0004,W0089,590852.24,2025-05-31 09:09:00,USD,0
T00592,W0071,W0040,581101.88,2025-05-31 09:31:00,BOND,0
T04884,W0082,W0093,486626.56,2025-05-31 17:41:00,USD,0
T00050,W0098,W0098,435540.67,2025-05-31 16:18:00,USD,0
T03720,W0059,W0072,433185.73,2025-05-31 12:02:00,USD,0
T01054,W0099,W0056,447391.15,2025-05-31 15:23:00,USD,0
T00824,W0015,W0044,480879.64,2025-05-31 11:22:00,USD,0
T07516,W0095,W0017,431116.24,2025-05-31 11:28:00,USD,0
T01510,W0044,W0064,493383.71,2025-05-31 18:24:00,BOND,0
T00054,W0028,W0008,445755.83,2025-05-31 12:15:00,USD,0
T06996,W0030,W0088,466585.38,2025-05-31 15:29:00,BOND,0
T06185,W0014,W0083,385201.87,2025-05-31 15:20:00,FX,0
T07725,W0057,W0076,938152.06,2025-05-31 06:50:29,BOND,1
T03654,W0047,W0096,531461.97,2025-05-31 15:21:00,BOND,0
T05974,W0044,W0006,519606.72,2025-05-31 11:14:00,FX,0
T01236,W0025,W0084,336053.32,2025-05-31 09:14:00,BOND,0
T01912,W0069,W0011,538943.09,2025-05-31 12:55:00,BOND,0
T04213,W0025,W0096,677003.96,2025-05-31 18:27:00,BOND,0
T02240,W0034,W0080,643217.16,2025-05-31 16:22:00,BOND,0
T06163,W0094,W0051,366198.12,2025-05-31 14:12:00,FX,0
T08868,W0006,W0035,1010809.52,2025-05-31 08:50:29,USD,1
T05535,W0008,W0022,513357.69,2025-05-31 10:17:00,USD,0
T04104,W0008,W0004,435107.8,2025-05-31 15:24:00,USD,0
T00156,W0035,W0082,515672.45,2025-05-31 14:57:00,FX,0
T05123,W0025,W0046,603698.25,2025-05-31 18:59:00,FX,0
T08669,W0079,W0031,1015975.91,2025-05-31 06:50:29,USD,1
T03352,W0057,W0023,700912.49,2025-05-31 17:48:00,FX,0
T09871,W0060,W0063,934404.85,2025-05-31 07:50:29,FX,1
T01226,W0006,W0061,504602.49,2025-05-31 16:53:00,BOND,0
T04817,W0098,W0094,365491.02,2025-05-31 13:43:00,BOND,0
T03066,W0044,W0048,556052.15,2025-05-31 17:08:00,FX,0
T01637,W0083,W0068,448705.16,2025-05-31 09:26:00,FX,0
T09557,W0022,W0076,1004928.52,2025-05-31 06:50:29,FX,1
T04885,W0045,W0100,503453.96,2025-05-31 16:56:00,FX,0
T03762,W0044,W0058,450541.56,2025-05-31 18:33:00,FX,0
T02429,W0094,W0072,543340.92,2025-05-31 12:28:00,USD,0
T06197,W0085,W0080,505577.28,2025-05-31 11:59:00,BOND,0
T08219,W0069,W0042,1183362.22,2025-05-31 07:50:29,FX,1
T04196,W0093,W0062,600349.95,2025-05-31 11:56:00,BOND,0
T06598,W0096,W0093,559121.14,2025-05-31 13:40:00,USD,0
T09403,W0071,W0030,1052764.14,2025-05-31 08:50:29,BOND,1
T05093,W0082,W0002,399683.85,2025-05-31 15:37:00,USD,0
T01997,W0079,W0098,409560.74,2025-05-31 15:36:00,USD,0
T04450,W0082,W0093,438757.98,2025-05-31 13:49:00,USD,0
T08187,W0060,W0010,1038111.53,2025-05-31 08:50:29,FX,1
T00754,W0059,W0096,561634.08,2025-05-31 09:39:00,BOND,0
T09119,W0078,W0088,1123851.25,2025-05-31 07:50:29,BOND,1
T01118,W0074,W0049,300899.27,2025-05-31 10:25:00,USD,0
T00178,W0077,W0007,408167.38,2025-05-31 12:29:00,BOND,0
T05564,W0006,W0023,409164.35,2025-05-31 18:44:00,FX,0
T08319,W0050,W0038,1070848.59,2025-05-31 08:50:29,USD,1
T07403,W0099,W0009,531825.85,2025-05-31 12:36:00,USD,0
T08635,W0063,W0048,1164696.78,2025-05-31 07:50:29,USD,1
T05796,W0078,W0095,473179.91,2025-05-31 11:44:00,FX,0
T02359,W0043,W0001,497334.4,2025-05-31 11:50:00,BOND,0
T09876,W0026,W0070,922526.67,2025-05-31 07:50:29,BOND,1
T00319,W0041,W0070,533682.52,2025-05-31 13:15:00,BOND,0
T04840,W0056,W0015,455713.18,2025-05-31 18:34:00,USD,0
T03336,W0068,W0038,478991.69,2025-05-31 10:09:00,BOND,0
T09030,W0021,W0079,1136019.47,2025-05-31 07:50:29,BOND,1
T06508,W0040,W0010,681697.84,2025-05-31 12:40:00,BOND,0
T06325,W0100,W0015,525822.59,2025-05-31 12:45:00,USD,0
T09980,W0092,W0006,1189335.11,2025-05-31 07:50:29,USD,1
T04530,W0095,W0040,501959.96,2025-05-31 17:28:00,USD,0
T07804,W0081,W0079,1025284.18,2025-05-31 07:50:29,BOND,1
T04622,W0020,W0056,577009.19,2025-05-31 09:12:00,USD,0
T03629,W0014,W0008,585060.35,2025-05-31 12:44:00,FX,0
T06930,W0015,W0022,442411.38,2025-05-31 17:08:00,BOND,0
T02907,W0087,W0043,392242.8,2025-05-31 10:54:00,BOND,0
T04005,W0006,W0011,366964.61,2025-05-31 16:44:00,USD,0
T07852,W0057,W0060,925419.83,2025-05-31 07:50:29,BOND,1
T06024,W0087,W0074,472724.32,2025-05-31 10:35:00,FX,0
T07383,W0072,W0085,573050.69,2025-05-31 17:53:00,BOND,0
T07829,W0079,W0008,1156095.86,2025-05-31 07:50:29,FX,1
T09214,W0037,W0045,907083.38,2025-05-31 08:50:29,BOND,1
T06441,W0046,W0032,435647.02,2025-05-31 13:39:00,USD,0
T07000,W0073,W0027,572001.32,2025-05-31 18:29:00,FX,0
T07386,W0084,W0081,524467.73,2025-05-31 17:12:00,FX,0
T08619,W0073,W0061,1192073.09,2025-05-31 07:50:29,USD,1
T06418,W0021,W0053,554663.13,2025-05-31 18:31:00,FX,0
T03168,W0088,W0043,556948.23,2025-05-31 14:46:00,USD,0
T02026,W0022,W0043,458948.47,2025-05-31 14:45:00,BOND,0
T03753,W0008,W0015,523221.19,2025-05-31 13:58:00,USD,0
T08308,W0011,W0010,1048825.91,2025-05-31 06:50:29,USD,1
T04699,W0007,W0015,480662.51,2025-05-31 14:49:00,FX,0
T06980,W0049,W0036,534196.66,2025-05-31 15:06:00,USD,0
T07809,W0016,W0011,978560.31,2025-05-31 08:50:29,USD,1
T05222,W0060,W0086,505184.84,2025-05-31 14:04:00,USD,0
T03972,W0047,W0079,471836.84,2025-05-31 13:27:00,BOND,0
T09088,W0061,W0023,1114390.1,2025-05-31 07:50:29,BOND,1
T06315,W0019,W0004,514039.87,2025-05-31 16:31:00,USD,0
T05171,W0024,W0068,492118.37,2025-05-31 17:44:00,FX,0
T04600,W0005,W0059,583156.49,2025-05-31 09:26:00,BOND,0
T05803,W0024,W0017,459963.95,2025-05-31 10:34:00,FX,0
T09399,W0053,W0012,940322.37,2025-05-31 08:50:29,BOND,1
T03206,W0068,W0048,444572.86,2025-05-31 16:09:00,FX,0
T05844,W0017,W0100,410685.93,2025-05-31 15:40:00,BOND,0
T08496,W0040,W0076,1009515.63,2025-05-31 08:50:29,BOND,1
T00056,W0079,W0050,597124.09,2025-05-31 16:33:00,FX,0
T05967,W0046,W0089,590522.23,2025-05-31 16:44:00,USD,0
T04617,W0038,W0056,565927.59,2025-05-31 14:02:00,BOND,0
T05215,W0021,W0046,486436.61,2025-05-31 11:49:00,FX,0
T09673,W0072,W0067,1169748.16,2025-05-31 06:50:29,BOND,1
T04478,W0068,W0056,483008.95,2025-05-31 10:16:00,USD,0
T06699,W0055,W0011,516697.36,2025-05-31 16:07:00,BOND,0
T06839,W0014,W0032,471532.32,2025-05-31 14:10:00,BOND,0
T08817,W0043,W0056,1135035.2,2025-05-31 07:50:29,BOND,1
T02914,W0003,W0043,608864.26,2025-05-31 09:13:00,BOND,0
T01758,W0099,W0097,516236.2,2025-05-31 15:25:00,USD,0
T04764,W0087,W0080,481267.42,2025-05-31 13:24:00,USD,0
T03108,W0055,W0011,500387.01,2025-05-31 13:58:00,BOND,0
T06469,W0011,W0099,558604.6,2025-05-31 12:38:00,BOND,0
T09767,W0035,W0090,938810.56,2025-05-31 06:50:29,FX,1
T05529,W0052,W0086,395980.95,2025-05-31 11:57:00,FX,0
T08004,W0003,W0041,1158991.97,2025-05-31 07:50:29,FX,1
T09357,W0003,W0067,1051550.25,2025-05-31 07:50:29,FX,1
T00678,W0074,W0073,545200.87,2025-05-31 16:19:00,FX,0
T08504,W0033,W0044,932919.47,2025-05-31 07:50:29,BOND,1
T09378,W0053,W0070,926016.83,2025-05-31 06:50:29,FX,1
T09580,W0054,W0088,1194088.46,2025-05-31 06:50:29,FX,1
T06562,W0033,W0096,533078.91,2025-05-31 16:05:00,FX,0
T09603,W0080,W0075,1017145.57,2025-05-31 08:50:29,BOND,1
T03966,W0020,W0023,519507.48,2025-05-31 12:54:00,USD,0
T00446,W0027,W0016,492431.54,2025-05-31 17:50:00,FX,0
T01991,W0089,W0020,465125.11,2025-05-31 14:22:00,BOND,0
T02629,W0005,W0098,402496.56,2025-05-31 18:41:00,BOND,0
T08913,W0059,W0058,995777.71,2025-05-31 08:50:29,BOND,1
T05344,W0023,W0021,509014.94,2025-05-31 09:07:00,FX,0
T06028,W0031,W0064,529108.26,2025-05-31 17:35:00,BOND,0
T04360,W0059,W0032,580827.23,2025-05-31 18:22:00,USD,0
T03378,W0075,W0024,597741.96,2025-05-31 09:55:00,BOND,0
T00758,W0005,W0040,336509.65,2025-05-31 15:07:00,USD,0
T07384,W0091,W0037,547567.69,2025-05-31 11:59:00,BOND,0
T05586,W0052,W0001,627572.22,2025-05-31 17:17:00,FX,0
T04658,W0028,W0079,459829.14,2025-05-31 13:20:00,USD,0
T07807,W0028,W0019,1006659.15,2025-05-31 08:50:29,BOND,1
T00456,W0044,W0097,572249.76,2025-05-31 15:23:00,USD,0
T07651,W0047,W0021,1144579.84,2025-05-31 07:50:29,USD,1
T01347,W0025,W0025,529063.79,2025-05-31 14:59:00,FX,0
T00837,W0073,W0079,599713.91,2025-05-31 13:59:00,BOND,0
T03118,W0011,W0060,577881.88,2025-05-31 14:17:00,BOND,0
T00162,W0057,W0006,462456.91,2025-05-31 09:10:00,FX,0
T01174,W0031,W0010,455803.64,2025-05-31 14:03:00,FX,0
T03664,W0086,W0088,502166.7,2025-05-31 16:42:00,BOND,0
T07944,W0062,W0045,1140270.64,2025-05-31 07:50:29,BOND,1
T01308,W0065,W0014,418548.37,2025-05-31 11:15:00,USD,0
T01166,W0059,W0012,494717.61,2025-05-31 14:35:00,FX,0
T01559,W0091,W0018,452454.16,2025-05-31 17:32:00,FX,0
T06148,W0060,W0015,543453.08,2025-05-31 16:53:00,USD,0
T05614,W0019,W0004,552578.86,2025-05-31 16:44:00,BOND,0
T08396,W0021,W0031,933771.76,2025-05-31 06:50:29,BOND,1
T01802,W0016,W0042,492612.11,2025-05-31 18:15:00,BOND,0
T03957,W0043,W0060,504034.88,2025-05-31 12:36:00,USD,0
T03516,W0085,W0011,489882.3,2025-05-31 16:59:00,BOND,0
T09780,W0088,W0100,1072282.74,2025-05-31 07:50:29,USD,1
T04462,W0075,W0027,525070.56,2025-05-31 10:40:00,FX,0
T09844,W0076,W0089,1044961.1,2025-05-31 07:50:29,BOND,1
T03785,W0084,W0022,565189.34,2025-05-31 11:26:00,USD,0
T08976,W0021,W0054,1169049.92,2025-05-31 08:50:29,USD,1
T07427,W0026,W0080,365181.35,2025-05-31 14:24:00,USD,0
T00816,W0042,W0060,572433.83,2025-05-31 16:27:00,FX,0
T06761,W0050,W0080,468525.62,2025-05-31 11:50:00,FX,0
T07147,W0038,W0049,569929.03,2025-05-31 11:04:00,USD,0
T06367,W0055,W0054,515176.44,2025-05-31 18:40:00,USD,0
T02424,W0049,W0056,481013.38,2025-05-31 14:19:00,USD,0
T04663,W0080,W0061,462237.74,2025-05-31 14:26:00,BOND,0
T02528,W0060,W0032,559943.6,2025-05-31 13:04:00,FX,0
T00425,W0097,W0009,591614.19,2025-05-31 09:37:00,USD,0
T09765,W0017,W0098,951266.61,2025-05-31 08:50:29,USD,1
T08315,W0068,W0084,1003154.19,2025-05-31 07:50:29,USD,1
T03706,W0023,W0022,529427.73,2025-05-31 11:46:00,FX,0
T02611,W0063,W0031,450387.31,2025-05-31 10:54:00,USD,0
T03777,W0018,W0075,473100.51,2025-05-31 17:11:00,USD,0
T07473,W0047,W0095,454571.66,2025-05-31 14:32:00,BOND,0
T07555,W0042,W0041,433486.0,2025-05-31 14:50:00,BOND,0
T00945,W0001,W0029,437394.28,2025-05-31 14:00:00,FX,0
T01258,W0100,W0055,421182.14,2025-05-31 09:12:00,BOND,0
T03651,W0063,W0026,545701.05,2025-05-31 15:59:00,USD,0
T05553,W0051,W0009,469811.55,2025-05-31 18:18:00,FX,0
T08381,W0009,W0085,997490.16,2025-05-31 07:50:29,FX,1
T06357,W0016,W0074,606271.83,2025-05-31 16:51:00,BOND,0
T03316,W0031,W0029,415635.45,2025-05-31 14:59:00,BOND,0
T01504,W0051,W0081,537077.87,2025-05-31 17:49:00,FX,0
T09676,W0052,W0030,1170601.31,2025-05-31 06:50:29,BOND,1
T04077,W0025,W0086,399591.29,2025-05-31 10:58:00,BOND,0
T06520,W0010,W0017,424918.26,2025-05-31 16:08:00,USD,0
T07113,W0023,W0051,535667.64,2025-05-31 14:54:00,BOND,0
T00667,W0091,W0095,643146.95,2025-05-31 17:52:00,FX,0
T04178,W0058,W0021,633181.81,2025-05-31 10:40:00,FX,0
T07400,W0071,W0057,354605.78,2025-05-31 18:30:00,FX,0
T04826,W0056,W0056,348457.89,2025-05-31 10:26:00,BOND,0
T04888,W0090,W0047,501694.29,2025-05-31 15:19:00,BOND,0
T04240,W0014,W0086,479026.82,2025-05-31 14:21:00,FX,0
T03114,W0071,W0035,511614.37,2025-05-31 18:12:00,USD,0
T09883,W0063,W0061,915935.39,2025-05-31 06:50:29,USD,1
T07790,W0017,W0071,1110507.13,2025-05-31 07:50:29,USD,1
T07300,W0059,W0027,570699.29,2025-05-31 10:35:00,BOND,0
T08706,W0032,W0046,1033143.32,2025-05-31 07:50:29,BOND,1
T09663,W0035,W0021,922574.23,2025-05-31 06:50:29,USD,1
T03837,W0070,W0036,561652.67,2025-05-31 16:02:00,USD,0
T05385,W0065,W0054,490270.02,2025-05-31 18:33:00,FX,0
T01380,W0096,W0030,394424.67,2025-05-31 09:10:00,USD,0
T01094,W0014,W0039,476397.99,2025-05-31 11:28:00,USD,0
T09591,W0014,W0045,977696.78,2025-05-31 07:50:29,BOND,1
T03649,W0096,W0043,510601.65,2025-05-31 15:46:00,USD,0
T04162,W0020,W0002,466851.96,2025-05-31 13:47:00,USD,0
T09118,W0058,W0019,1176922.52,2025-05-31 06:50:29,USD,1
T00613,W0038,W0017,590135.38,2025-05-31 11:29:00,USD,0
T01112,W0083,W0057,579055.77,2025-05-31 11:03:00,USD,0
T04598,W0008,W0050,524678.13,2025-05-31 15:59:00,USD,0
T01778,W0061,W0092,411580.06,2025-05-31 10:05:00,BOND,0
T01077,W0060,W0100,578424.12,2025-05-31 09:20:00,USD,0
T09273,W0059,W0076,1013456.62,2025-05-31 08:50:29,BOND,1
T03875,W0013,W0034,472946.44,2025-05-31 11:17:00,BOND,0
T09730,W0048,W0063,990212.7,2025-05-31 06:50:29,FX,1
T03046,W0099,W0065,404202.24,2025-05-31 12:12:00,FX,0
T05057,W0025,W0034,519951.09,2025-05-31 12:21:00,USD,0
T05085,W0054,W0006,463537.39,2025-05-31 09:28:00,BOND,0
T00685,W0022,W0002,529367.24,2025-05-31 14:08:00,FX,0
T01041,W0010,W0064,581315.83,2025-05-31 13:21:00,USD,0
T03371,W0047,W0015,352973.95,2025-05-31 16:29:00,BOND,0
T01903,W0073,W0060,481849.22,2025-05-31 09:26:00,USD,0
T09306,W0056,W0061,1046867.47,2025-05-31 07:50:29,USD,1
T05675,W0089,W0087,528349.52,2025-05-31 09:57:00,USD,0
T04749,W0098,W0030,662850.38,2025-05-31 13:01:00,USD,0
T09478,W0086,W0019,1100142.76,2025-05-31 08:50:29,BOND,1
T09081,W0071,W0027,965737.42,2025-05-31 06:50:29,USD,1
T08035,W0039,W0004,1025207.59,2025-05-31 06:50:29,FX,1
T04909,W0027,W0002,521876.22,2025-05-31 16:58:00,USD,0
T03398,W0063,W0074,476452.04,2025-05-31 10:23:00,FX,0
T03984,W0041,W0023,507474.02,2025-05-31 15:20:00,USD,0
T06519,W0055,W0095,615671.08,2025-05-31 14:21:00,USD,0
T09935,W0052,W0006,994998.92,2025-05-31 08:50:29,BOND,1
T04919,W0010,W0034,563791.71,2025-05-31 14:13:00,BOND,0
T01324,W0061,W0076,385390.45,2025-05-31 09:33:00,USD,0
T07684,W0080,W0008,1090757.91,2025-05-31 08:50:29,BOND,1
T00102,W0051,W0067,464017.07,2025-05-31 14:28:00,BOND,0
T05445,W0053,W0079,663627.99,2025-05-31 16:16:00,BOND,0
T08179,W0021,W0073,1093499.36,2025-05-31 07:50:29,BOND,1
T01547,W0003,W0071,498596.7,2025-05-31 14:03:00,USD,0
T00064,W0043,W0047,523247.88,2025-05-31 10:53:00,USD,0
T03124,W0090,W0002,540037.17,2025-05-31 11:08:00,USD,0
T03127,W0027,W0066,477304.14,2025-05-31 13:01:00,USD,0
T02645,W0016,W0038,514266.39,2025-05-31 11:56:00,USD,0
T02108,W0064,W0022,585329.37,2025-05-31 17:28:00,BOND,0
T03251,W0083,W0044,419157.84,2025-05-31 15:33:00,FX,0
T03735,W0073,W0036,679148.56,2025-05-31 10:59:00,USD,0
T00047,W0098,W0061,418891.92,2025-05-31 13:13:00,FX,0
T02187,W0024,W0025,587441.59,2025-05-31 12:05:00,FX,0
T06727,W0058,W0080,411422.09,2025-05-31 09:32:00,USD,0
T03482,W0095,W0041,535726.88,2025-05-31 16:43:00,USD,0
T04894,W0040,W0037,575309.36,2025-05-31 09:29:00,USD,0
T01538,W0048,W0019,509607.25,2025-05-31 12:34:00,USD,0
T05193,W0074,W0035,629704.12,2025-05-31 09:41:00,BOND,0
T04651,W0015,W0059,655147.52,2025-05-31 11:55:00,BOND,0
T09345,W0067,W0055,913080.58,2025-05-31 08:50:29,BOND,1
T05008,W0087,W0098,466196.37,2025-05-31 10:09:00,BOND,0
T02885,W0069,W0066,669634.47,2025-05-31 18:57:00,BOND,0
T02015,W0037,W0071,558838.19,2025-05-31 15:30:00,BOND,0
T08955,W0081,W0024,1051610.88,2025-05-31 08:50:29,FX,1
T04021,W0075,W0091,547337.1,2025-05-31 16:57:00,BOND,0
T01581,W0019,W0034,491498.15,2025-05-31 13:40:00,BOND,0
T06261,W0047,W0049,741865.74,2025-05-31 17:04:00,USD,0
T08468,W0067,W0059,1137325.83,2025-05-31 06:50:29,FX,1
T05695,W0096,W0067,613165.27,2025-05-31 13:46:00,BOND,0
T01918,W0032,W0059,388878.08,2025-05-31 11:41:00,USD,0
T01147,W0087,W0045,419743.07,2025-05-31 16:01:00,USD,0
T02151,W0092,W0090,501454.16,2025-05-31 09:53:00,BOND,0
T08045,W0073,W0003,903603.52,2025-05-31 08:50:29,BOND,1
T06897,W0023,W0016,358720.26,2025-05-31 14:05:00,USD,0
T01136,W0088,W0087,529228.04,2025-05-31 12:27:00,BOND,0
T05890,W0060,W0100,429413.2,2025-05-31 14:54:00,USD,0
T08009,W0094,W0064,931010.54,2025-05-31 06:50:29,FX,1
T00400,W0044,W0015,479047.77,2025-05-31 13:35:00,BOND,0
T01629,W0027,W0062,623069.98,2025-05-31 10:49:00,USD,0
T01049,W0008,W0068,596806.81,2025-05-31 14:46:00,BOND,0
T05134,W0065,W0018,643259.2,2025-05-31 14:56:00,BOND,0
T04714,W0023,W0065,457666.4,2025-05-31 15:17:00,FX,0
T09207,W0067,W0032,909630.9,2025-05-31 08:50:29,FX,1
T09467,W0021,W0094,937572.8,2025-05-31 07:50:29,BOND,1
T03083,W0002,W0090,498967.52,2025-05-31 12:16:00,BOND,0
T08338,W0054,W0054,1159704.17,2025-05-31 08:50:29,USD,1
T01243,W0061,W0042,504891.87,2025-05-31 11:39:00,BOND,0
T00042,W0037,W0003,565031.89,2025-05-31 10:44:00,FX,0
T06402,W0034,W0069,541134.8,2025-05-31 11:22:00,USD,0
T06067,W0036,W0063,522027.93,2025-05-31 15:02:00,BOND,0
T08273,W0100,W0092,1103126.76,2025-05-31 07:50:29,FX,1
T05131,W0076,W0035,465487.41,2025-05-31 15:23:00,USD,0
T04366,W0074,W0019,554806.69,2025-05-31 12:02:00,USD,0
T04101,W0056,W0055,447323.44,2025-05-31 18:20:00,FX,0
T07515,W0040,W0087,591911.93,2025-05-31 16:13:00,FX,0
T00595,W0098,W0080,355864.01,2025-05-31 13:53:00,USD,0
T07234,W0031,W0003,421786.4,2025-05-31 17:13:00,BOND,0
T07792,W0081,W0089,1027095.35,2025-05-31 06:50:29,USD,1
T03917,W0051,W0008,518016.81,2025-05-31 09:24:00,BOND,0
T00930,W0056,W0097,362761.39,2025-05-31 11:45:00,FX,0
T03796,W0057,W0008,572370.59,2025-05-31 11:00:00,USD,0
T08529,W0054,W0016,936406.56,2025-05-31 06:50:29,USD,1
T09749,W0041,W0091,1078735.1,2025-05-31 07:50:29,FX,1
T06999,W0026,W0062,636048.25,2025-05-31 13:47:00,FX,0
T01541,W0033,W0095,443693.8,2025-05-31 12:04:00,BOND,0
T02383,W0080,W0036,594565.32,2025-05-31 12:40:00,USD,0
T08130,W0003,W0085,1048406.38,2025-05-31 07:50:29,FX,1
T05960,W0022,W0037,599651.53,2025-05-31 12:17:00,BOND,0
T09793,W0009,W0078,1184314.41,2025-05-31 07:50:29,FX,1
T04805,W0006,W0008,633189.29,2025-05-31 15:39:00,FX,0
T02043,W0013,W0046,478426.68,2025-05-31 09:23:00,USD,0
T01451,W0009,W0040,570989.09,2025-05-31 15:44:00,BOND,0
T05467,W0053,W0062,567749.52,2025-05-31 12:16:00,FX,0
T04603,W0007,W0038,683215.56,2025-05-31 17:26:00,USD,0
T01361,W0006,W0060,472826.98,2025-05-31 11:32:00,USD,0
T02593,W0071,W0038,361516.68,2025-05-31 15:56:00,USD,0
T08330,W0018,W0081,960473.88,2025-05-31 07:50:29,FX,1
T03301,W0026,W0029,576945.71,2025-05-31 17:30:00,USD,0
T01016,W0093,W0092,445098.57,2025-05-31 15:56:00,FX,0
T08714,W0059,W0029,1076026.49,2025-05-31 06:50:29,FX,1
T09409,W0044,W0099,1172634.95,2025-05-31 07:50:29,FX,1
T00801,W0019,W0040,539202.78,2025-05-31 17:31:00,USD,0
T02132,W0092,W0093,363137.79,2025-05-31 16:22:00,USD,0
T01008,W0022,W0005,584805.86,2025-05-31 10:09:00,USD,0
T04657,W0042,W0005,470456.62,2025-05-31 11:41:00,USD,0
T06968,W0095,W0073,597792.92,2025-05-31 13:51:00,BOND,0
T05972,W0065,W0082,515937.72,2025-05-31 15:16:00,USD,0
T01034,W0002,W0018,591869.69,2025-05-31 18:18:00,FX,0
T02898,W0075,W0034,608001.86,2025-05-31 11:29:00,USD,0
T01532,W0070,W0026,457716.3,2025-05-31 16:06:00,USD,0
T04279,W0026,W0001,510773.5,2025-05-31 14:08:00,USD,0
T07161,W0019,W0096,475755.69,2025-05-31 11:49:00,BOND,0
T09925,W0015,W0100,1109278.54,2025-05-31 08:50:29,USD,1
T04318,W0060,W0082,429926.6,2025-05-31 09:14:00,FX,0
T00137,W0004,W0001,454362.17,2025-05-31 11:06:00,USD,0
T06599,W0043,W0048,477866.15,2025-05-31 13:52:00,USD,0
T02317,W0015,W0063,430190.63,2025-05-31 13:10:00,FX,0
T05347,W0017,W0046,451245.28,2025-05-31 18:49:00,USD,0
T06836,W0085,W0019,576344.3,2025-05-31 12:37:00,BOND,0
T05575,W0005,W0001,473648.47,2025-05-31 18:54:00,BOND,0
T05687,W0089,W0051,501478.23,2025-05-31 16:56:00,FX,0
T01072,W0038,W0064,475469.72,2025-05-31 14:29:00,BOND,0
T02129,W0069,W0034,434393.83,2025-05-31 17:14:00,USD,0
T04542,W0074,W0023,487002.05,2025-05-31 09:47:00,BOND,0
T07800,W0095,W0064,1020020.13,2025-05-31 06:50:29,USD,1
T09337,W0059,W0014,941871.67,2025-05-31 08:50:29,BOND,1
T05615,W0074,W0065,444712.51,2025-05-31 11:59:00,BOND,0
T08841,W0004,W0099,957699.53,2025-05-31 07:50:29,BOND,1
T01644,W0086,W0013,412527.44,2025-05-31 09:13:00,FX,0
T05420,W0067,W0010,420366.97,2025-05-31 15:53:00,FX,0
T09042,W0053,W0043,1113739.55,2025-05-31 06:50:29,BOND,1
T08064,W0036,W0063,1006272.01,2025-05-31 06:50:29,FX,1
T02305,W0024,W0056,487630.11,2025-05-31 14:52:00,USD,0
T03106,W0044,W0100,453304.13,2025-05-31 12:20:00,USD,0
T05605,W0005,W0039,447530.11,2025-05-31 12:37:00,FX,0
T05161,W0071,W0063,521318.33,2025-05-31 18:26:00,FX,0
T04529,W0078,W0003,452357.79,2025-05-31 18:45:00,FX,0
T05361,W0041,W0066,516269.08,2025-05-31 09:54:00,BOND,0
T09526,W0055,W0049,1176215.3,2025-05-31 08:50:29,FX,1
T05322,W0030,W0067,723270.47,2025-05-31 18:12:00,BOND,0
T02248,W0092,W0056,472894.33,2025-05-31 15:28:00,BOND,0
T05865,W0095,W0048,326845.6,2025-05-31 16:24:00,USD,0
T06998,W0031,W0046,599173.26,2025-05-31 16:31:00,BOND,0
T02975,W0087,W0035,402388.29,2025-05-31 15:35:00,USD,0
T02765,W0056,W0093,536919.58,2025-05-31 15:01:00,BOND,0
T06674,W0057,W0094,642822.39,2025-05-31 10:43:00,BOND,0
T05513,W0050,W0001,407609.66,2025-05-31 14:41:00,BOND,0
T02228,W0044,W0043,536025.41,2025-05-31 18:31:00,USD,0
T02464,W0030,W0050,447778.36,2025-05-31 15:53:00,BOND,0
T08740,W0055,W0084,1120016.26,2025-05-31 07:50:29,BOND,1
T01700,W0037,W0079,456155.02,2025-05-31 11:52:00,FX,0
T05358,W0041,W0010,442835.82,2025-05-31 09:38:00,USD,0
T09584,W0018,W0042,984088.09,2025-05-31 08:50:29,FX,1
T04275,W0095,W0094,593898.62,2025-05-31 13:06:00,BOND,0
T09874,W0086,W0063,1115223.46,2025-05-31 07:50:29,FX,1
T01609,W0088,W0033,425617.71,2025-05-31 09:37:00,FX,0
T06707,W0026,W0013,585882.62,2025-05-31 10:00:00,BOND,0
T00928,W0093,W0072,415862.63,2025-05-31 11:47:00,USD,0
T00821,W0030,W0083,620216.8,2025-05-31 16:10:00,FX,0
T01853,W0001,W0096,454395.32,2025-05-31 09:26:00,BOND,0
T03122,W0069,W0032,525569.49,2025-05-31 14:24:00,USD,0
T08826,W0022,W0007,1140323.86,2025-05-31 08:50:29,BOND,1
T04093,W0003,W0032,440831.19,2025-05-31 09:04:00,BOND,0
T02969,W0035,W0072,600036.91,2025-05-31 09:17:00,BOND,0
T06683,W0072,W0099,511007.95,2025-05-31 11:02:00,FX,0
T08585,W0037,W0063,1120359.89,2025-05-31 07:50:29,BOND,1
T08348,W0010,W0069,941833.14,2025-05-31 08:50:29,FX,1
T08154,W0093,W0036,1075099.97,2025-05-31 08:50:29,USD,1
T05203,W0039,W0008,478129.68,2025-05-31 11:35:00,BOND,0
T02478,W0041,W0071,514383.93,2025-05-31 16:11:00,USD,0
T07440,W0022,W0049,532408.33,2025-05-31 16:34:00,USD,0
T08100,W0022,W0011,1121142.94,2025-05-31 06:50:29,FX,1
T07749,W0042,W0034,1150135.05,2025-05-31 06:50:29,USD,1
T06706,W0041,W0068,544134.93,2025-05-31 12:32:00,BOND,0
T00127,W0004,W0039,695261.79,2025-05-31 11:29:00,USD,0
T05679,W0083,W0055,493456.46,2025-05-31 13:17:00,USD,0
T00161,W0005,W0044,558793.25,2025-05-31 12:26:00,BOND,0
T04483,W0098,W0077,557965.21,2025-05-31 11:35:00,USD,0
T08269,W0049,W0006,1032958.62,2025-05-31 07:50:29,USD,1
T09217,W0080,W0078,933029.37,2025-05-31 08:50:29,USD,1
T01107,W0048,W0031,439634.37,2025-05-31 09:04:00,FX,0
T08442,W0051,W0030,1134212.99,2025-05-31 06:50:29,FX,1
T04260,W0063,W0083,660868.71,2025-05-31 14:24:00,BOND,0
T03625,W0016,W0062,435152.85,2025-05-31 17:26:00,FX,0
T07057,W0086,W0075,431120.56,2025-05-31 17:42:00,USD,0
T02439,W0011,W0047,606911.93,2025-05-31 09:15:00,USD,0
T02223,W0019,W0031,455600.02,2025-05-31 13:01:00,BOND,0
T05867,W0059,W0090,507521.21,2025-05-31 14:26:00,BOND,0
T02343,W0062,W0050,515667.94,2025-05-31 15:50:00,BOND,0
T05793,W0019,W0039,474329.26,2025-05-31 09:46:00,BOND,0
T00686,W0031,W0045,626785.45,2025-05-31 11:23:00,BOND,0
T09365,W0024,W0019,1050467.1,2025-05-31 07:50:29,USD,1
T08894,W0086,W0020,944116.6,2025-05-31 06:50:29,FX,1
T03208,W0082,W0084,507325.14,2025-05-31 14:36:00,FX,0
T02833,W0054,W0025,528985.05,2025-05-31 14:26:00,USD,0
T03016,W0021,W0007,409628.06,2025-05-31 18:22:00,BOND,0
T03297,W0030,W0036,456926.19,2025-05-31 11:37:00,USD,0
T08459,W0027,W0005,1096145.0,2025-05-31 06:50:29,FX,1
T02880,W0011,W0092,354700.13,2025-05-31 18:39:00,FX,0
T06471,W0041,W0007,505690.65,2025-05-31 15:59:00,FX,0
T04167,W0054,W0067,545765.53,2025-05-31 10:12:00,BOND,0
T01588,W0012,W0032,369152.99,2025-05-31 14:07:00,FX,0
T08641,W0054,W0007,1110591.5,2025-05-31 07:50:29,FX,1
T09249,W0098,W0022,1094989.51,2025-05-31 06:50:29,USD,1
T04724,W0071,W0063,512173.22,2025-05-31 16:25:00,USD,0
T09760,W0082,W0013,1143908.45,2025-05-31 07:50:29,BOND,1
T07097,W0087,W0011,512249.46,2025-05-31 15:07:00,USD,0
T02018,W0001,W0090,482091.15,2025-05-31 16:38:00,USD,0
T03659,W0052,W0046,469501.03,2025-05-31 13:53:00,BOND,0
T03645,W0070,W0054,392154.24,2025-05-31 13:39:00,USD,0
T09174,W0066,W0035,1093154.06,2025-05-31 06:50:29,USD,1
T06048,W0091,W0046,436908.41,2025-05-31 10:18:00,FX,0
T08482,W0064,W0091,937500.89,2025-05-31 07:50:29,FX,1
T00404,W0016,W0002,680660.65,2025-05-31 14:44:00,USD,0
T00664,W0069,W0090,459496.33,2025-05-31 10:08:00,FX,0
T09292,W0053,W0092,985909.05,2025-05-31 07:50:29,USD,1
T03927,W0046,W0059,452864.54,2025-05-31 13:00:00,FX,0
T04310,W0076,W0020,443212.52,2025-05-31 14:58:00,USD,0
T06889,W0026,W0045,492687.05,2025-05-31 16:02:00,USD,0
T01548,W0039,W0001,400488.87,2025-05-31 09:33:00,BOND,0
T05259,W0007,W0097,502399.67,2025-05-31 14:18:00,FX,0
T06019,W0086,W0051,593196.84,2025-05-31 16:26:00,FX,0
T02050,W0014,W0074,495467.22,2025-05-31 12:21:00,FX,0
T08043,W0049,W0083,1104095.56,2025-05-31 07:50:29,FX,1
T04527,W0046,W0086,473756.06,2025-05-31 09:26:00,BOND,0
T03163,W0096,W0072,453004.65,2025-05-31 12:05:00,FX,0
T08227,W0034,W0056,1047987.23,2025-05-31 07:50:29,USD,1
T02304,W0040,W0034,591551.95,2025-05-31 14:49:00,FX,0
T09997,W0052,W0029,903452.51,2025-05-31 08:50:29,USD,1
T01874,W0006,W0040,447759.31,2025-05-31 14:45:00,FX,0
T09513,W0002,W0081,1125692.17,2025-05-31 06:50:29,BOND,1
T05879,W0071,W0067,542726.05,2025-05-31 12:08:00,USD,0
T00566,W0069,W0067,505737.36,2025-05-31 09:46:00,USD,0
T07958,W0093,W0058,1102111.62,2025-05-31 06:50:29,FX,1
T08555,W0021,W0082,1092095.21,2025-05-31 08:50:29,BOND,1
T02661,W0080,W0051,485174.73,2025-05-31 15:29:00,USD,0
T04448,W0025,W0068,594922.38,2025-05-31 18:23:00,USD,0
T00517,W0082,W0004,551966.64,2025-05-31 16:31:00,BOND,0
T00892,W0020,W0019,364649.93,2025-05-31 10:04:00,BOND,0
T04347,W0022,W0017,445970.46,2025-05-31 11:33:00,BOND,0
T02627,W0066,W0015,614242.67,2025-05-31 10:43:00,FX,0
T09777,W0028,W0084,1024799.93,2025-05-31 07:50:29,BOND,1
T01628,W0086,W0046,510961.4,2025-05-31 16:20:00,BOND,0
T09323,W0058,W0015,1188942.6,2025-05-31 07:50:29,FX,1
T03489,W0058,W0005,462627.87,2025-05-31 16:43:00,BOND,0
T09956,W0056,W0074,954043.9,2025-05-31 08:50:29,FX,1
T07689,W0049,W0065,913525.5,2025-05-31 07:50:29,FX,1
T00973,W0070,W0053,548289.87,2025-05-31 11:31:00,USD,0
T06660,W0008,W0080,672995.53,2025-05-31 14:23:00,BOND,0
T01973,W0063,W0078,293207.0,2025-05-31 15:13:00,USD,0
T05722,W0040,W0001,509990.83,2025-05-31 16:33:00,FX,0
T05185,W0032,W0057,402723.89,2025-05-31 12:21:00,BOND,0
T00239,W0096,W0054,589471.21,2025-05-31 10:29:00,FX,0
T06792,W0071,W0046,427791.37,2025-05-31 16:36:00,FX,0
T06031,W0065,W0074,460022.78,2025-05-31 18:38:00,BOND,0
T00700,W0066,W0075,707115.33,2025-05-31 17:47:00,USD,0
T05560,W0034,W0040,552489.29,2025-05-31 18:41:00,BOND,0
T07623,W0044,W0063,533019.64,2025-05-31 17:01:00,USD,0
T06088,W0031,W0050,596703.97,2025-05-31 13:22:00,BOND,0
T03765,W0018,W0074,421921.76,2025-05-31 10:26:00,FX,0
T06638,W0068,W0018,505260.41,2025-05-31 10:52:00,USD,0
T06335,W0090,W0039,428773.12,2025-05-31 10:54:00,BOND,0
T06840,W0050,W0003,394683.04,2025-05-31 13:20:00,FX,0
T02241,W0041,W0056,433449.22,2025-05-31 13:59:00,BOND,0
T08283,W0010,W0052,947810.45,2025-05-31 08:50:29,USD,1
T04625,W0087,W0084,513142.67,2025-05-31 17:28:00,USD,0
T02491,W0087,W0083,403529.14,2025-05-31 16:32:00,USD,0
T06256,W0052,W0087,531561.5,2025-05-31 18:23:00,FX,0
T09747,W0079,W0041,1159922.98,2025-05-31 08:50:29,BOND,1
T09903,W0038,W0066,1186543.92,2025-05-31 06:50:29,FX,1
T09455,W0087,W0013,1083105.12,2025-05-31 07:50:29,FX,1
T09425,W0033,W0003,978610.49,2025-05-31 08:50:29,BOND,1
T01993,W0022,W0058,464704.92,2025-05-31 14:23:00,FX,0
T05227,W0053,W0063,468294.92,2025-05-31 15:34:00,BOND,0
T04176,W0085,W0063,476056.81,2025-05-31 13:06:00,USD,0
T09499,W0054,W0097,1080718.51,2025-05-31 08:50:29,BOND,1
T03243,W0079,W0081,523679.13,2025-05-31 12:09:00,FX,0
T04607,W0069,W0031,605850.11,2025-05-31 09:16:00,BOND,0
T07088,W0062,W0093,469808.73,2025-05-31 11:09:00,FX,0
T01916,W0061,W0009,478133.15,2025-05-31 12:13:00,USD,0
T00038,W0017,W0051,440791.73,2025-05-31 18:29:00,USD,0
T02154,W0071,W0028,529892.62,2025-05-31 09:04:00,FX,0
T08631,W0037,W0054,1104906.46,2025-05-31 08:50:29,FX,1
T08180,W0058,W0091,1093666.93,2025-05-31 07:50:29,USD,1
T08814,W0080,W0063,1193902.57,2025-05-31 07:50:29,USD,1
T01253,W0046,W0023,475499.51,2025-05-31 16:54:00,FX,0
T03312,W0097,W0032,468748.27,2025-05-31 17:10:00,USD,0
T06183,W0060,W0015,683739.75,2025-05-31 10:06:00,USD,0
T06145,W0036,W0059,432557.84,2025-05-31 15:47:00,FX,0
T04798,W0036,W0096,497487.6,2025-05-31 10:19:00,FX,0
T06190,W0091,W0084,512803.13,2025-05-31 16:30:00,USD,0
T03525,W0095,W0008,452481.37,2025-05-31 15:56:00,USD,0
T01734,W0071,W0048,411509.27,2025-05-31 16:26:00,BOND,0
T07965,W0076,W0072,1144355.07,2025-05-31 08:50:29,BOND,1
T03472,W0075,W0031,630932.08,2025-05-31 09:49:00,BOND,0
T09779,W0073,W0059,1184842.48,2025-05-31 07:50:29,USD,1
T01468,W0098,W0070,555931.34,2025-05-31 15:58:00,USD,0
T02470,W0017,W0060,561646.84,2025-05-31 16:18:00,FX,0
T02684,W0009,W0049,340392.88,2025-05-31 15:51:00,BOND,0
T02102,W0056,W0001,458286.56,2025-05-31 16:18:00,USD,0
T06893,W0099,W0067,388677.32,2025-05-31 15:09:00,BOND,0
T03694,W0053,W0084,560661.73,2025-05-31 12:10:00,BOND,0
T08834,W0037,W0017,986224.24,2025-05-31 08:50:29,USD,1
T02190,W0035,W0022,579081.85,2025-05-31 12:45:00,USD,0
T06186,W0034,W0042,424816.17,2025-05-31 11:18:00,USD,0
T08189,W0019,W0063,1152941.75,2025-05-31 06:50:29,FX,1
T09773,W0022,W0014,1019563.27,2025-05-31 08:50:29,FX,1
T03653,W0041,W0043,486459.62,2025-05-31 15:44:00,FX,0
T01214,W0090,W0039,494177.93,2025-05-31 13:04:00,USD,0
T02958,W0094,W0009,603304.38,2025-05-31 15:29:00,FX,0
T02837,W0045,W0009,650703.88,2025-05-31 10:55:00,BOND,0
T07293,W0047,W0031,455952.13,2025-05-31 13:47:00,BOND,0
T04486,W0004,W0066,480311.57,2025-05-31 14:13:00,FX,0
T02991,W0033,W0079,384754.11,2025-05-31 11:21:00,USD,0
T09639,W0041,W0028,1100624.39,2025-05-31 06:50:29,FX,1
T08445,W0036,W0030,957348.05,2025-05-31 08:50:29,USD,1
T08973,W0033,W0079,1130572.98,2025-05-31 06:50:29,BOND,1
T00897,W0040,W0040,475827.43,2025-05-31 16:50:00,USD,0
T05910,W0008,W0066,473344.58,2025-05-31 14:50:00,BOND,0
T06904,W0042,W0089,593333.38,2025-05-31 17:10:00,BOND,0
T02956,W0013,W0039,552328.22,2025-05-31 17:59:00,FX,0
T03076,W0017,W0081,424984.91,2025-05-31 17:23:00,FX,0
T03196,W0095,W0015,496501.65,2025-05-31 12:50:00,USD,0
T09975,W0015,W0068,921795.6,2025-05-31 06:50:29,FX,1
T07902,W0041,W0060,981351.39,2025-05-31 06:50:29,BOND,1
T00885,W0063,W0056,473328.34,2025-05-31 15:00:00,BOND,0
T02082,W0036,W0055,423723.87,2025-05-31 15:37:00,FX,0
T01948,W0044,W0099,481411.76,2025-05-31 18:07:00,FX,0
T02247,W0027,W0069,458336.33,2025-05-31 17:09:00,USD,0
T06462,W0069,W0060,537906.76,2025-05-31 17:52:00,FX,0
T09834,W0009,W0046,1162910.79,2025-05-31 07:50:29,BOND,1
T06442,W0015,W0009,417664.71,2025-05-31 16:12:00,FX,0
T01122,W0031,W0099,422644.81,2025-05-31 12:01:00,BOND,0
T03090,W0087,W0099,488263.83,2025-05-31 18:09:00,FX,0
T08938,W0033,W0018,1179888.09,2025-05-31 08:50:29,USD,1
T00411,W0049,W0090,571566.07,2025-05-31 17:22:00,USD,0
T00655,W0015,W0058,394978.82,2025-05-31 16:13:00,FX,0
T05509,W0003,W0064,465587.35,2025-05-31 18:44:00,USD,0
T04436,W0082,W0079,422999.79,2025-05-31 11:47:00,FX,0
T08647,W0017,W0003,1044748.25,2025-05-31 06:50:29,USD,1
T06588,W0044,W0071,484171.28,2025-05-31 15:32:00,USD,0
T09614,W0068,W0059,1141941.98,2025-05-31 08:50:29,USD,1
T02195,W0090,W0098,385805.23,2025-05-31 12:32:00,FX,0
T03526,W0023,W0024,440458.66,2025-05-31 13:49:00,FX,0
T02489,W0010,W0076,523905.77,2025-05-31 15:11:00,USD,0
T03405,W0031,W0028,469443.41,2025-05-31 16:10:00,BOND,0
T04964,W0003,W0091,544975.35,2025-05-31 10:50:00,FX,0
T02440,W0009,W0057,315287.32,2025-05-31 10:24:00,BOND,0
T01111,W0081,W0029,404526.52,2025-05-31 12:21:00,USD,0
T01503,W0047,W0064,605088.71,2025-05-31 11:57:00,USD,0
T09712,W0058,W0026,972613.14,2025-05-31 08:50:29,FX,1
T09012,W0032,W0051,975908.59,2025-05-31 07:50:29,USD,1
T09209,W0049,W0083,999214.02,2025-05-31 07:50:29,FX,1
T06618,W0021,W0043,493735.06,2025-05-31 12:27:00,FX,0
T09887,W0022,W0093,901557.63,2025-05-31 07:50:29,USD,1
T07065,W0002,W0014,455342.19,2025-05-31 11:43:00,USD,0
T06007,W0029,W0021,455746.56,2025-05-31 18:04:00,BOND,0
T00185,W0008,W0065,580591.17,2025-05-31 09:31:00,USD,0
T08146,W0053,W0073,1114806.77,2025-05-31 08:50:29,BOND,1
T02459,W0068,W0088,480599.0,2025-05-31 18:32:00,FX,0
T03031,W0052,W0097,338061.43,2025-05-31 13:40:00,FX,0
T05595,W0060,W0069,595300.51,2025-05-31 09:59:00,FX,0
T01101,W0007,W0018,454583.75,2025-05-31 13:38:00,FX,0
T04834,W0042,W0025,583391.25,2025-05-31 10:09:00,BOND,0
T07751,W0001,W0084,986293.6,2025-05-31 07:50:29,USD,1
T02586,W0058,W0059,514922.43,2025-05-31 10:34:00,BOND,0
T00062,W0087,W0016,570933.31,2025-05-31 13:29:00,FX,0
T04624,W0088,W0019,565984.1,2025-05-31 09:24:00,BOND,0
T07764,W0006,W0050,1017206.49,2025-05-31 08:50:29,BOND,1
T02841,W0042,W0055,508571.38,2025-05-31 13:10:00,FX,0
T01234,W0053,W0081,588839.73,2025-05-31 13:04:00,FX,0
T03171,W0052,W0094,498396.9,2025-05-31 16:05:00,USD,0
T02542,W0065,W0094,522892.91,2025-05-31 16:11:00,FX,0
T08483,W0082,W0010,995673.81,2025-05-31 08:50:29,BOND,1
T08120,W0081,W0032,927053.9,2025-05-31 08:50:29,FX,1
T00817,W0001,W0023,442743.11,2025-05-31 13:40:00,FX,0
T08786,W0077,W0055,1033460.18,2025-05-31 08:50:29,FX,1
T09627,W0028,W0069,1024437.37,2025-05-31 07:50:29,BOND,1
T02071,W0005,W0039,596341.73,2025-05-31 17:04:00,USD,0
T05710,W0094,W0086,582361.58,2025-05-31 13:50:00,FX,0
T01405,W0045,W0087,566469.9,2025-05-31 15:50:00,BOND,0
T09845,W0010,W0087,940437.37,2025-05-31 06:50:29,USD,1
T00481,W0082,W0018,390774.05,2025-05-31 11:26:00,USD,0
T07308,W0073,W0063,590728.94,2025-05-31 15:53:00,USD,0
T08263,W0076,W0044,1137031.78,2025-05-31 08:50:29,BOND,1
T01894,W0087,W0061,449459.57,2025-05-31 16:01:00,FX,0
T00397,W0064,W0017,472697.35,2025-05-31 13:12:00,BOND,0
T05718,W0048,W0068,612345.77,2025-05-31 09:27:00,USD,0
T06177,W0051,W0078,449433.76,2025-05-31 16:24:00,FX,0
T07827,W0090,W0013,1083028.33,2025-05-31 08:50:29,BOND,1
T05498,W0064,W0061,458998.9,2025-05-31 10:29:00,USD,0
T09428,W0058,W0095,1004863.05,2025-05-31 06:50:29,BOND,1
T08203,W0043,W0046,1169389.0,2025-05-31 06:50:29,BOND,1
T06962,W0070,W0051,484523.96,2025-05-31 12:16:00,BOND,0
T06326,W0022,W0035,497615.93,2025-05-31 18:41:00,BOND,0
T05451,W0099,W0053,555940.07,2025-05-31 16:23:00,FX,0
T09054,W0099,W0048,1098338.68,2025-05-31 08:50:29,BOND,1
T07602,W0076,W0067,574731.39,2025-05-31 13:53:00,USD,0
T04314,W0098,W0019,609466.81,2025-05-31 18:14:00,USD,0
T01677,W0095,W0053,572460.16,2025-05-31 12:00:00,USD,0
T07460,W0046,W0083,591457.77,2025-05-31 14:15:00,BOND,0
T08936,W0055,W0024,1160295.52,2025-05-31 07:50:29,USD,1
T02180,W0007,W0033,619330.21,2025-05-31 16:32:00,USD,0
T05990,W0058,W0024,586016.19,2025-05-31 16:24:00,USD,0
T00408,W0054,W0093,404297.83,2025-05-31 09:58:00,FX,0
T08481,W0067,W0005,1183987.81,2025-05-31 06:50:29,FX,1
T02654,W0009,W0020,469129.5,2025-05-31 11:37:00,FX,0
T03219,W0084,W0050,547647.56,2025-05-31 10:16:00,FX,0
T06348,W0025,W0045,518955.87,2025-05-31 13:06:00,FX,0
T04117,W0008,W0053,666701.04,2025-05-31 13:08:00,USD,0
T07724,W0002,W0026,919531.61,2025-05-31 07:50:29,FX,1
T00128,W0046,W0092,495778.34,2025-05-31 14:17:00,BOND,0
T05404,W0002,W0068,492694.08,2025-05-31 17:14:00,BOND,0
T09411,W0059,W0006,1062895.84,2025-05-31 06:50:29,BOND,1
T06528,W0094,W0061,549679.84,2025-05-31 12:01:00,USD,0
T03281,W0012,W0059,605249.59,2025-05-31 09:55:00,USD,0
T02363,W0097,W0042,519997.4,2025-05-31 16:18:00,BOND,0
T07275,W0033,W0090,587858.38,2025-05-31 14:12:00,BOND,0
T07118,W0051,W0076,370121.49,2025-05-31 10:22:00,BOND,0
T00267,W0069,W0052,488192.05,2025-05-31 13:35:00,USD,0
T02012,W0013,W0080,551171.08,2025-05-31 18:45:00,BOND,0
T06240,W0011,W0018,588434.27,2025-05-31 14:48:00,USD,0
T07701,W0059,W0085,933193.3,2025-05-31 08:50:29,BOND,1
T09007,W0062,W0051,1157761.44,2025-05-31 07:50:29,BOND,1
T09294,W0094,W0038,999541.43,2025-05-31 07:50:29,BOND,1
T05421,W0087,W0098,652388.97,2025-05-31 15:03:00,USD,0
T08643,W0096,W0044,1174777.71,2025-05-31 08:50:29,USD,1
T06684,W0027,W0049,371900.53,2025-05-31 13:06:00,USD,0
T09066,W0098,W0073,1166098.14,2025-05-31 06:50:29,BOND,1
T02456,W0097,W0025,645905.11,2025-05-31 18:11:00,USD,0
T09918,W0020,W0061,1174409.61,2025-05-31 07:50:29,USD,1
T00563,W0013,W0017,553260.54,2025-05-31 14:05:00,FX,0
T04247,W0043,W0013,401283.21,2025-05-31 10:53:00,USD,0
T00237,W0005,W0052,458525.2,2025-05-31 17:24:00,USD,0
T07484,W0014,W0097,484910.85,2025-05-31 17:21:00,USD,0
T08088,W0018,W0048,968692.79,2025-05-31 07:50:29,FX,1
T01266,W0087,W0096,519074.38,2025-05-31 15:23:00,BOND,0
T05720,W0099,W0050,627077.23,2025-05-31 13:29:00,USD,0
T03383,W0026,W0066,528672.34,2025-05-31 16:27:00,FX,0
T04716,W0022,W0098,505159.73,2025-05-31 13:23:00,USD,0
T07177,W0040,W0063,559945.08,2025-05-31 13:20:00,USD,0
T03098,W0045,W0024,510996.02,2025-05-31 17:01:00,BOND,0
T09608,W0083,W0007,1046725.29,2025-05-31 08:50:29,USD,1
T02487,W0088,W0077,502835.88,2025-05-31 09:56:00,BOND,0
T06278,W0057,W0018,430729.6,2025-05-31 09:53:00,USD,0
T00322,W0001,W0004,534400.59,2025-05-31 18:38:00,USD,0
T04780,W0082,W0067,494172.52,2025-05-31 11:16:00,USD,0
T04860,W0073,W0036,440653.13,2025-05-31 11:51:00,BOND,0
T00445,W0065,W0043,495956.91,2025-05-31 13:50:00,USD,0
T05988,W0013,W0002,403265.14,2025-05-31 16:20:00,USD,0
T02836,W0068,W0026,485016.98,2025-05-31 09:40:00,FX,0
T08744,W0050,W0095,902835.21,2025-05-31 07:50:29,BOND,1
T08514,W0030,W0073,1025081.02,2025-05-31 06:50:29,FX,1
T07438,W0067,W0072,542864.5,2025-05-31 17:24:00,BOND,0
T03182,W0099,W0093,464460.53,2025-05-31 14:33:00,FX,0
T00565,W0076,W0031,460949.79,2025-05-31 15:38:00,FX,0
T09489,W0026,W0026,1023390.83,2025-05-31 07:50:29,BOND,1
T02759,W0016,W0058,627881.22,2025-05-31 16:30:00,USD,0
T03572,W0056,W0053,581112.84,2025-05-31 09:33:00,FX,0
T09615,W0085,W0001,981809.92,2025-05-31 08:50:29,FX,1
T04373,W0036,W0061,521639.2,2025-05-31 14:35:00,BOND,0
T02888,W0009,W0047,553308.6,2025-05-31 09:55:00,USD,0
T02832,W0058,W0051,515248.51,2025-05-31 10:30:00,FX,0
T08138,W0047,W0096,1039539.46,2025-05-31 06:50:29,FX,1
T01039,W0015,W0079,509615.66,2025-05-31 10:07:00,USD,0
T06828,W0066,W0016,452842.51,2025-05-31 10:22:00,USD,0
T09304,W0050,W0061,919773.3,2025-05-31 06:50:29,USD,1
T08095,W0005,W0069,1199139.05,2025-05-31 08:50:29,BOND,1
T01184,W0090,W0069,533571.15,2025-05-31 14:43:00,BOND,0
T05300,W0086,W0023,432849.77,2025-05-31 10:32:00,BOND,0
T04664,W0096,W0026,490114.51,2025-05-31 11:12:00,USD,0
T06285,W0060,W0084,510321.81,2025-05-31 17:55:00,USD,0
T04184,W0086,W0042,433967.51,2025-05-31 11:00:00,USD,0
T09848,W0047,W0066,910893.1,2025-05-31 06:50:29,FX,1
T08521,W0027,W0006,926813.47,2025-05-31 06:50:29,BOND,1
T06671,W0007,W0076,396630.91,2025-05-31 10:59:00,BOND,0
T04697,W0052,W0057,487338.87,2025-05-31 18:35:00,FX,0
T04701,W0010,W0029,232648.12,2025-05-31 18:39:00,FX,0
T07256,W0076,W0074,396591.43,2025-05-31 14:07:00,BOND,0
T05841,W0069,W0030,560736.65,2025-05-31 17:03:00,USD,0
T01313,W0010,W0036,349463.48,2025-05-31 17:33:00,USD,0
T04036,W0085,W0017,563920.08,2025-05-31 16:52:00,BOND,0
T00350,W0038,W0047,465452.32,2025-05-31 14:01:00,FX,0
T04945,W0031,W0071,441883.33,2025-05-31 11:28:00,USD,0
T04553,W0009,W0091,397978.58,2025-05-31 17:39:00,FX,0
T02311,W0024,W0078,626999.31,2025-05-31 15:25:00,FX,0
T09804,W0080,W0022,972453.38,2025-05-31 07:50:29,USD,1
T01760,W0040,W0053,586588.29,2025-05-31 17:28:00,USD,0
T01859,W0031,W0035,461870.33,2025-05-31 09:45:00,BOND,0
T04584,W0009,W0080,431311.78,2025-05-31 16:32:00,BOND,0
T08609,W0086,W0044,1027994.68,2025-05-31 07:50:29,BOND,1
T06353,W0026,W0021,482704.94,2025-05-31 15:13:00,FX,0
T06693,W0092,W0022,592767.3,2025-05-31 16:22:00,FX,0
T09929,W0036,W0072,982437.45,2025-05-31 07:50:29,BOND,1
T05933,W0091,W0051,613214.99,2025-05-31 17:15:00,USD,0
T03668,W0011,W0020,445968.04,2025-05-31 12:16:00,BOND,0
T09880,W0090,W0077,1133799.44,2025-05-31 06:50:29,BOND,1
T05701,W0082,W0002,466240.51,2025-05-31 15:08:00,BOND,0
T02246,W0059,W0028,530691.92,2025-05-31 13:18:00,USD,0
T06613,W0076,W0045,516943.56,2025-05-31 17:26:00,FX,0
T02697,W0008,W0085,491365.81,2025-05-31 15:42:00,BOND,0
T04051,W0072,W0010,593883.54,2025-05-31 09:25:00,USD,0
T02451,W0050,W0015,512300.41,2025-05-31 11:27:00,BOND,0
T05740,W0077,W0076,567805.34,2025-05-31 10:40:00,USD,0
T00602,W0044,W0083,522471.64,2025-05-31 10:41:00,USD,0
T05889,W0097,W0013,533428.56,2025-05-31 10:58:00,FX,0
T09789,W0018,W0077,967173.3,2025-05-31 06:50:29,BOND,1
T05772,W0042,W0052,474753.32,2025-05-31 14:01:00,FX,0
T00142,W0014,W0095,518913.88,2025-05-31 17:21:00,BOND,0
T07303,W0018,W0087,351142.11,2025-05-31 12:45:00,BOND,0
T08969,W0091,W0028,910257.11,2025-05-31 08:50:29,USD,1
T07491,W0031,W0095,456163.73,2025-05-31 13:57:00,BOND,0
T07225,W0086,W0052,598372.86,2025-05-31 17:04:00,BOND,0
T01419,W0048,W0088,462180.24,2025-05-31 14:39:00,FX,0
T06247,W0045,W0061,597502.16,2025-05-31 17:52:00,BOND,0
T07668,W0001,W0063,941175.46,2025-05-31 08:50:29,FX,1
T02984,W0054,W0031,468940.14,2025-05-31 17:09:00,USD,0
T09462,W0068,W0063,1107226.02,2025-05-31 08:50:29,BOND,1
T00540,W0050,W0025,523755.94,2025-05-31 16:04:00,USD,0
T06157,W0081,W0019,551445.13,2025-05-31 16:00:00,USD,0
T07901,W0037,W0066,966368.23,2025-05-31 06:50:29,USD,1
T06091,W0049,W0079,589455.38,2025-05-31 16:41:00,FX,0
T06645,W0037,W0014,445384.16,2025-05-31 16:21:00,USD,0
T08520,W0096,W0004,1056755.86,2025-05-31 07:50:29,FX,1
T05807,W0042,W0016,546597.3,2025-05-31 12:43:00,BOND,0
T00231,W0080,W0042,444341.31,2025-05-31 09:37:00,BOND,0
T07416,W0071,W0041,384877.93,2025-05-31 13:09:00,BOND,0
T08405,W0038,W0026,977182.67,2025-05-31 07:50:29,FX,1
T02596,W0056,W0064,425483.66,2025-05-31 16:43:00,FX,0
T09413,W0087,W0004,1027325.06,2025-05-31 06:50:29,FX,1
T02753,W0042,W0033,673844.48,2025-05-31 17:12:00,USD,0
T09561,W0098,W0088,1061625.1,2025-05-31 07:50:29,FX,1
T04430,W0050,W0087,505610.12,2025-05-31 18:26:00,FX,0
T09277,W0020,W0020,944655.12,2025-05-31 06:50:29,FX,1
T08587,W0057,W0023,950753.0,2025-05-31 06:50:29,USD,1
T00812,W0033,W0032,593017.52,2025-05-31 12:57:00,BOND,0
T02449,W0044,W0070,485697.68,2025-05-31 14:32:00,USD,0
T09914,W0008,W0066,1043090.5,2025-05-31 06:50:29,USD,1
T00469,W0059,W0032,487220.15,2025-05-31 11:30:00,BOND,0
T04205,W0046,W0025,540664.47,2025-05-31 17:18:00,FX,0
T09835,W0079,W0097,961872.34,2025-05-31 07:50:29,BOND,1
T03140,W0002,W0063,588104.89,2025-05-31 18:41:00,FX,0
T04215,W0090,W0049,546062.57,2025-05-31 12:20:00,BOND,0
T04171,W0068,W0036,554044.19,2025-05-31 14:47:00,USD,0
T05435,W0037,W0090,437391.58,2025-05-31 15:20:00,BOND,0
T05336,W0042,W0070,602801.99,2025-05-31 11:11:00,USD,0
T02329,W0025,W0004,652407.52,2025-05-31 17:47:00,USD,0
T00875,W0006,W0088,484832.1,2025-05-31 09:23:00,FX,0
T01794,W0012,W0003,606451.12,2025-05-31 18:58:00,BOND,0
T05025,W0091,W0054,528963.45,2025-05-31 15:16:00,FX,0
T07688,W0048,W0042,965734.21,2025-05-31 08:50:29,FX,1
T03093,W0001,W0020,537972.22,2025-05-31 13:10:00,FX,0
T03354,W0003,W0076,474369.07,2025-05-31 15:06:00,USD,0
T06260,W0077,W0037,446589.01,2025-05-31 18:18:00,FX,0
T02136,W0063,W0017,621727.2,2025-05-31 17:39:00,BOND,0
T03899,W0050,W0082,431480.55,2025-05-31 13:33:00,FX,0
T08307,W0049,W0018,1075405.02,2025-05-31 08:50:29,USD,1
T03587,W0099,W0071,541909.27,2025-05-31 10:32:00,FX,0
T09394,W0033,W0042,1030517.67,2025-05-31 07:50:29,BOND,1
T09539,W0074,W0050,1160152.44,2025-05-31 08:50:29,FX,1
T08688,W0091,W0060,923535.56,2025-05-31 08:50:29,BOND,1
T03846,W0072,W0040,599212.91,2025-05-31 17:17:00,BOND,0
T04138,W0058,W0094,518811.01,2025-05-31 13:31:00,BOND,0
T08659,W0058,W0002,945192.16,2025-05-31 07:50:29,FX,1
T02294,W0060,W0074,619077.73,2025-05-31 14:40:00,USD,0
T02647,W0092,W0065,695908.37,2025-05-31 10:45:00,FX,0
T01653,W0058,W0093,387234.13,2025-05-31 10:44:00,FX,0
T01217,W0059,W0060,529653.92,2025-05-31 11:12:00,BOND,0
T01414,W0063,W0092,480992.18,2025-05-31 15:11:00,USD,0
T02997,W0072,W0007,553871.39,2025-05-31 11:32:00,FX,0
T03190,W0048,W0086,549008.09,2025-05-31 16:35:00,FX,0
T01433,W0077,W0090,390644.92,2025-05-31 09:21:00,USD,0
T05076,W0009,W0067,447510.04,2025-05-31 18:06:00,USD,0
T08406,W0099,W0067,996747.89,2025-05-31 07:50:29,BOND,1
T00167,W0013,W0083,426307.14,2025-05-31 15:28:00,USD,0
T05343,W0047,W0033,461408.17,2025-05-31 14:31:00,USD,0
T05401,W0096,W0016,509920.61,2025-05-31 17:31:00,BOND,0
T05228,W0021,W0072,502380.89,2025-05-31 10:04:00,BOND,0
T06262,W0078,W0014,557725.89,2025-05-31 18:06:00,BOND,0
T03433,W0075,W0091,391387.81,2025-05-31 12:42:00,USD,0
T04471,W0065,W0051,493079.9,2025-05-31 12:20:00,FX,0
T07163,W0011,W0067,333009.48,2025-05-31 17:43:00,FX,0
T09035,W0014,W0054,956778.32,2025-05-31 07:50:29,BOND,1
T08107,W0055,W0033,1024640.09,2025-05-31 08:50:29,BOND,1
T04524,W0092,W0031,460466.03,2025-05-31 11:29:00,BOND,0
T07935,W0023,W0013,1126622.45,2025-05-31 07:50:29,USD,1
T07193,W0086,W0035,594478.47,2025-05-31 14:37:00,USD,0
T02658,W0029,W0049,509531.51,2025-05-31 14:18:00,BOND,0
T05843,W0024,W0086,568246.03,2025-05-31 13:09:00,BOND,0
T09410,W0034,W0061,1107288.35,2025-05-31 06:50:29,BOND,1
T07819,W0015,W0084,936022.9,2025-05-31 06:50:29,FX,1
T00442,W0032,W0036,313474.1,2025-05-31 18:58:00,USD,0
T09520,W0077,W0032,1186441.69,2025-05-31 08:50:29,USD,1
T09508,W0098,W0050,1023089.1,2025-05-31 08:50:29,BOND,1
T05838,W0047,W0009,369307.37,2025-05-31 14:30:00,USD,0
T04163,W0018,W0020,461026.33,2025-05-31 12:05:00,BOND,0
T01098,W0080,W0041,467156.34,2025-05-31 10:05:00,BOND,0
T00949,W0045,W0098,654134.92,2025-05-31 10:01:00,BOND,0
T08960,W0092,W0037,1180357.67,2025-05-31 07:50:29,USD,1
T09237,W0030,W0036,1106609.01,2025-05-31 08:50:29,BOND,1
T01057,W0088,W0059,654494.71,2025-05-31 09:11:00,FX,0
T05588,W0099,W0080,438619.2,2025-05-31 10:07:00,FX,0
T00416,W0068,W0028,460232.98,2025-05-31 10:15:00,BOND,0
T07631,W0011,W0080,591082.9,2025-05-31 09:59:00,BOND,0
T03932,W0019,W0033,506306.08,2025-05-31 15:08:00,FX,0
T07584,W0078,W0085,264452.39,2025-05-31 13:34:00,BOND,0
T00227,W0003,W0039,469960.66,2025-05-31 16:45:00,BOND,0
T09574,W0062,W0097,972922.55,2025-05-31 07:50:29,USD,1
T02535,W0033,W0044,577631.13,2025-05-31 10:29:00,FX,0
T01036,W0100,W0011,420039.38,2025-05-31 13:08:00,USD,0
T08243,W0039,W0002,1097653.91,2025-05-31 08:50:29,FX,1
T01925,W0030,W0055,404530.98,2025-05-31 18:00:00,USD,0
T08737,W0002,W0002,1109505.72,2025-05-31 08:50:29,BOND,1
T06241,W0058,W0093,633934.62,2025-05-31 09:56:00,FX,0
T04381,W0074,W0043,566045.77,2025-05-31 12:07:00,FX,0
T07129,W0083,W0088,541030.45,2025-05-31 17:54:00,BOND,0
T00215,W0007,W0019,331684.24,2025-05-31 16:26:00,USD,0
T09551,W0056,W0096,1108879.37,2025-05-31 06:50:29,BOND,1
T08690,W0024,W0048,968971.14,2025-05-31 06:50:29,USD,1
T01129,W0074,W0093,643055.8,2025-05-31 18:26:00,FX,0
T07653,W0064,W0038,953558.49,2025-05-31 06:50:29,USD,1
T03594,W0089,W0066,447812.49,2025-05-31 17:44:00,BOND,0
T02508,W0072,W0057,552418.49,2025-05-31 15:21:00,BOND,0
T04058,W0082,W0091,549984.59,2025-05-31 18:05:00,USD,0
T07808,W0064,W0076,1011133.61,2025-05-31 08:50:29,BOND,1
T01613,W0050,W0045,427059.38,2025-05-31 12:10:00,FX,0
T03537,W0058,W0057,477068.5,2025-05-31 17:17:00,USD,0
T00424,W0053,W0036,521545.5,2025-05-31 15:27:00,USD,0
T03970,W0084,W0041,532985.0,2025-05-31 14:31:00,FX,0
T04506,W0081,W0002,491415.9,2025-05-31 14:45:00,BOND,0
T08302,W0086,W0005,1051822.36,2025-05-31 08:50:29,FX,1
T08325,W0097,W0062,1110222.34,2025-05-31 07:50:29,BOND,1
T05418,W0084,W0068,530332.85,2025-05-31 14:30:00,FX,0
T06704,W0048,W0095,550048.13,2025-05-31 12:39:00,USD,0
T00985,W0077,W0023,524186.57,2025-05-31 09:18:00,FX,0
T03644,W0007,W0018,517182.06,2025-05-31 10:49:00,USD,0
T01884,W0095,W0022,386228.67,2025-05-31 10:34:00,FX,0
T03853,W0037,W0051,374709.26,2025-05-31 13:47:00,BOND,0
T00986,W0015,W0014,475403.13,2025-05-31 15:47:00,FX,0
T00580,W0009,W0030,312073.23,2025-05-31 13:38:00,BOND,0
T09422,W0050,W0078,1063137.43,2025-05-31 06:50:29,USD,1
T03061,W0062,W0047,398320.71,2025-05-31 15:54:00,FX,0
T03912,W0078,W0030,504962.22,2025-05-31 13:34:00,USD,0
T03141,W0021,W0051,398663.4,2025-05-31 10:43:00,FX,0
T05970,W0098,W0007,518225.72,2025-05-31 10:15:00,BOND,0
T05637,W0073,W0061,491467.1,2025-05-31 11:43:00,FX,0
T00343,W0046,W0003,423068.24,2025-05-31 15:50:00,FX,0
T01728,W0013,W0073,530239.39,2025-05-31 16:12:00,USD,0
T06061,W0051,W0031,480286.86,2025-05-31 11:17:00,BOND,0
T04850,W0094,W0059,422750.05,2025-05-31 18:48:00,BOND,0
T04963,W0023,W0066,529128.92,2025-05-31 16:24:00,USD,0
T00725,W0053,W0025,425024.0,2025-05-31 11:45:00,USD,0
T08607,W0021,W0056,1134505.48,2025-05-31 07:50:29,USD,1
T01905,W0036,W0069,478460.67,2025-05-31 09:20:00,BOND,0
T09178,W0096,W0070,917490.4,2025-05-31 08:50:29,USD,1
T09549,W0002,W0067,954833.32,2025-05-31 08:50:29,BOND,1
T05962,W0087,W0001,574651.17,2025-05-31 12:57:00,FX,0
T08548,W0014,W0027,1026686.85,2025-05-31 08:50:29,FX,1
T00631,W0062,W0016,412924.22,2025-05-31 15:17:00,FX,0
T03923,W0057,W0098,632372.22,2025-05-31 14:46:00,BOND,0
T08751,W0025,W0046,1050887.97,2025-05-31 08:50:29,BOND,1
T06253,W0096,W0028,451269.77,2025-05-31 09:11:00,BOND,0
T04382,W0027,W0033,544151.26,2025-05-31 15:29:00,BOND,0
T05431,W0013,W0069,585494.98,2025-05-31 12:52:00,BOND,0
T02740,W0058,W0068,563769.65,2025-05-31 15:41:00,FX,0
T07736,W0072,W0002,1187708.25,2025-05-31 08:50:29,BOND,1
T01584,W0077,W0031,589677.04,2025-05-31 18:56:00,BOND,0
T04346,W0041,W0061,447932.72,2025-05-31 18:29:00,FX,0
T08377,W0015,W0078,1090949.88,2025-05-31 07:50:29,FX,1
T06439,W0046,W0032,406623.43,2025-05-31 14:41:00,FX,0
T09702,W0002,W0087,1061261.88,2025-05-31 08:50:29,BOND,1
T02785,W0093,W0018,705428.78,2025-05-31 18:26:00,USD,0
T00339,W0071,W0040,510639.79,2025-05-31 14:23:00,FX,0
T06083,W0098,W0092,631513.54,2025-05-31 14:31:00,BOND,0
T06311,W0043,W0068,562473.32,2025-05-31 16:26:00,BOND,0
T02375,W0100,W0048,404522.3,2025-05-31 11:09:00,USD,0
T03652,W0055,W0027,381772.87,2025-05-31 13:36:00,FX,0
T06171,W0080,W0046,479971.58,2025-05-31 13:27:00,BOND,0
T05503,W0097,W0086,481838.52,2025-05-31 14:46:00,USD,0
T03000,W0035,W0054,528682.03,2025-05-31 14:23:00,USD,0
T06654,W0015,W0077,425797.85,2025-05-31 13:45:00,BOND,0
T00888,W0042,W0066,496856.88,2025-05-31 16:58:00,FX,0
T02913,W0005,W0007,479646.45,2025-05-31 15:59:00,FX,0
T02751,W0026,W0061,478822.88,2025-05-31 18:06:00,FX,0
T07637,W0030,W0018,459797.69,2025-05-31 09:41:00,BOND,0
T09218,W0003,W0070,928740.26,2025-05-31 08:50:29,USD,1
T00733,W0009,W0041,602092.84,2025-05-31 17:25:00,BOND,0
T01259,W0027,W0072,493731.57,2025-05-31 13:46:00,USD,0
T03150,W0074,W0034,502371.22,2025-05-31 09:37:00,BOND,0
T04746,W0082,W0047,645511.29,2025-05-31 18:44:00,USD,0
T08615,W0085,W0042,1114556.19,2025-05-31 07:50:29,USD,1
T05299,W0059,W0089,631478.31,2025-05-31 10:37:00,USD,0
T06140,W0065,W0030,474641.99,2025-05-31 11:40:00,FX,0
T06306,W0011,W0066,456529.53,2025-05-31 10:44:00,USD,0
T00919,W0038,W0077,552027.04,2025-05-31 17:19:00,USD,0
T09048,W0097,W0007,1073822.37,2025-05-31 08:50:29,USD,1
T07188,W0080,W0004,442198.26,2025-05-31 14:39:00,BOND,0
T00851,W0066,W0052,517587.3,2025-05-31 13:30:00,USD,0
T01975,W0069,W0052,599519.81,2025-05-31 09:07:00,BOND,0
T06762,W0060,W0063,611165.74,2025-05-31 18:29:00,USD,0
T04515,W0037,W0055,600472.28,2025-05-31 13:03:00,BOND,0
T05589,W0041,W0076,397122.69,2025-05-31 18:01:00,BOND,0
T03949,W0071,W0100,439043.63,2025-05-31 10:04:00,USD,0
T01526,W0010,W0016,469183.82,2025-05-31 12:55:00,FX,0
T02734,W0010,W0095,559641.15,2025-05-31 11:50:00,FX,0
T04806,W0098,W0009,405568.97,2025-05-31 09:44:00,USD,0
T00995,W0046,W0005,450187.45,2025-05-31 13:15:00,USD,0
T07184,W0089,W0055,530282.99,2025-05-31 14:13:00,FX,0
T06371,W0018,W0017,466649.59,2025-05-31 09:55:00,FX,0
T03623,W0017,W0045,373153.55,2025-05-31 16:55:00,USD,0
T06702,W0086,W0049,231662.36,2025-05-31 17:35:00,FX,0
T08646,W0021,W0091,1068070.61,2025-05-31 07:50:29,FX,1
T00963,W0028,W0010,512648.36,2025-05-31 13:36:00,FX,0
T03291,W0064,W0024,522374.69,2025-05-31 15:57:00,BOND,0
T06831,W0087,W0077,410429.06,2025-05-31 17:16:00,BOND,0
T05037,W0094,W0022,655790.84,2025-05-31 12:56:00,USD,0
T07128,W0008,W0012,494935.28,2025-05-31 09:12:00,USD,0
T08145,W0060,W0068,1134391.88,2025-05-31 08:50:29,USD,1
T09720,W0058,W0076,1114742.5,2025-05-31 06:50:29,BOND,1
T03951,W0088,W0019,505571.68,2025-05-31 09:47:00,USD,0
T00191,W0058,W0022,615300.17,2025-05-31 16:30:00,FX,0
T04615,W0043,W0087,629248.3,2025-05-31 16:52:00,BOND,0
T02112,W0079,W0077,547621.71,2025-05-31 12:07:00,FX,0
T05644,W0013,W0082,466601.66,2025-05-31 11:39:00,BOND,0
T03231,W0076,W0052,669049.9,2025-05-31 13:45:00,BOND,0
T02581,W0075,W0077,329943.86,2025-05-31 17:36:00,BOND,0
T00447,W0015,W0025,424175.36,2025-05-31 17:19:00,USD,0
T05021,W0077,W0088,459664.98,2025-05-31 09:41:00,FX,0
T09359,W0057,W0018,1135367.37,2025-05-31 08:50:29,FX,1
T03870,W0018,W0052,447369.1,2025-05-31 16:51:00,BOND,0
T03465,W0022,W0019,571031.05,2025-05-31 15:20:00,FX,0
T01064,W0085,W0023,508210.26,2025-05-31 17:40:00,BOND,0
T04245,W0093,W0056,544511.32,2025-05-31 14:11:00,BOND,0
T06457,W0025,W0042,339675.75,2025-05-31 17:43:00,USD,0
T09934,W0026,W0023,1092540.37,2025-05-31 06:50:29,FX,1
T09039,W0035,W0075,1110353.39,2025-05-31 06:50:29,FX,1
T05365,W0039,W0038,588801.46,2025-05-31 13:11:00,USD,0
T01816,W0073,W0069,537551.7,2025-05-31 18:23:00,BOND,0
T09102,W0038,W0038,932627.48,2025-05-31 08:50:29,FX,1
T04418,W0075,W0017,465601.21,2025-05-31 14:20:00,USD,0
T03377,W0073,W0084,445628.03,2025-05-31 17:15:00,USD,0
T05822,W0051,W0080,530079.8,2025-05-31 17:54:00,BOND,0
T04444,W0008,W0039,578075.56,2025-05-31 14:31:00,BOND,0
T08216,W0089,W0085,1077329.24,2025-05-31 06:50:29,FX,1
T00495,W0028,W0093,431400.84,2025-05-31 10:26:00,USD,0
T06988,W0060,W0085,501014.53,2025-05-31 15:26:00,BOND,0
T00643,W0074,W0064,397289.66,2025-05-31 09:44:00,USD,0
T08545,W0075,W0018,1027156.4,2025-05-31 06:50:29,BOND,1
T04989,W0082,W0041,529292.11,2025-05-31 11:20:00,USD,0
T03986,W0042,W0053,579992.08,2025-05-31 18:08:00,FX,0
T06611,W0058,W0032,505137.25,2025-05-31 17:36:00,USD,0
T07123,W0019,W0033,578963.61,2025-05-31 12:55:00,FX,0
T02009,W0015,W0021,499749.4,2025-05-31 14:29:00,FX,0
T09945,W0023,W0046,1128572.43,2025-05-31 07:50:29,USD,1
T03995,W0031,W0015,506501.78,2025-05-31 14:03:00,BOND,0
T07359,W0073,W0080,610770.19,2025-05-31 16:51:00,USD,0
T09901,W0008,W0010,1083116.05,2025-05-31 06:50:29,USD,1
T09923,W0036,W0016,1068672.93,2025-05-31 07:50:29,FX,1
T05636,W0071,W0073,657032.86,2025-05-31 14:05:00,BOND,0
T08623,W0086,W0007,1175869.24,2025-05-31 06:50:29,BOND,1
T02788,W0005,W0035,533190.91,2025-05-31 13:21:00,BOND,0
T00204,W0005,W0060,419046.13,2025-05-31 12:14:00,FX,0
T07713,W0009,W0012,1098080.57,2025-05-31 07:50:29,USD,1
T03948,W0097,W0011,628156.67,2025-05-31 16:02:00,FX,0
T07338,W0055,W0040,563087.85,2025-05-31 12:45:00,BOND,0
T05053,W0028,W0016,480598.99,2025-05-31 14:56:00,BOND,0
T04035,W0073,W0008,410098.39,2025-05-31 17:20:00,FX,0
T00402,W0097,W0060,434515.65,2025-05-31 11:05:00,FX,0
T05007,W0088,W0005,470633.46,2025-05-31 13:39:00,FX,0
T06118,W0061,W0073,446251.42,2025-05-31 15:00:00,USD,0
T06181,W0014,W0095,363011.91,2025-05-31 10:47:00,BOND,0
T06120,W0029,W0096,453807.12,2025-05-31 12:53:00,USD,0
T04518,W0015,W0004,416423.34,2025-05-31 14:57:00,FX,0
T04531,W0058,W0027,495981.39,2025-05-31 18:00:00,BOND,0
T01708,W0039,W0034,389084.25,2025-05-31 11:18:00,BOND,0
T08247,W0018,W0054,942290.4,2025-05-31 07:50:29,USD,1
T03780,W0025,W0010,489617.95,2025-05-31 17:19:00,BOND,0
T01032,W0017,W0100,479948.38,2025-05-31 16:01:00,FX,0
T01754,W0062,W0067,491266.61,2025-05-31 16:37:00,USD,0
T09300,W0051,W0061,917903.58,2025-05-31 07:50:29,BOND,1
T02992,W0047,W0044,430423.09,2025-05-31 11:19:00,FX,0
T00967,W0075,W0083,495047.74,2025-05-31 10:56:00,BOND,0
T01598,W0073,W0002,431125.58,2025-05-31 14:15:00,BOND,0
T09239,W0087,W0063,953268.18,2025-05-31 08:50:29,USD,1
T04833,W0099,W0010,551616.56,2025-05-31 15:16:00,FX,0
T05895,W0053,W0044,603493.43,2025-05-31 18:41:00,BOND,0
T05095,W0062,W0082,416655.96,2025-05-31 17:33:00,USD,0
T02167,W0028,W0077,590374.66,2025-05-31 15:38:00,USD,0
T08668,W0023,W0084,979213.69,2025-05-31 07:50:29,FX,1
T00347,W0100,W0066,466536.61,2025-05-31 13:43:00,USD,0
T05328,W0093,W0047,391266.61,2025-05-31 18:16:00,USD,0
T02878,W0062,W0026,529485.06,2025-05-31 13:06:00,FX,0
T00466,W0051,W0073,472521.44,2025-05-31 18:52:00,USD,0
T07258,W0022,W0032,373090.1,2025-05-31 13:04:00,USD,0
T08416,W0006,W0078,1022357.79,2025-05-31 06:50:29,BOND,1
T08932,W0032,W0040,931016.14,2025-05-31 07:50:29,BOND,1
T08213,W0064,W0066,1168692.58,2025-05-31 06:50:29,USD,1
T05911,W0021,W0086,484738.16,2025-05-31 17:20:00,USD,0
T01274,W0025,W0031,529006.34,2025-05-31 15:54:00,BOND,0
T01814,W0068,W0084,373019.76,2025-05-31 16:06:00,USD,0
T09299,W0030,W0091,1146406.42,2025-05-31 07:50:29,USD,1
T07830,W0010,W0098,1000036.27,2025-05-31 08:50:29,USD,1
T03087,W0066,W0054,428151.31,2025-05-31 11:51:00,FX,0
T00876,W0099,W0034,504404.3,2025-05-31 17:09:00,USD,0
T04251,W0037,W0073,524544.52,2025-05-31 15:10:00,BOND,0
T08557,W0063,W0041,900153.74,2025-05-31 08:50:29,USD,1
T04665,W0063,W0041,444908.93,2025-05-31 12:05:00,FX,0
T09414,W0023,W0072,1134659.7,2025-05-31 07:50:29,BOND,1
T01585,W0062,W0065,371691.26,2025-05-31 18:17:00,FX,0
T02506,W0060,W0088,522694.84,2025-05-31 09:05:00,BOND,0
T07810,W0097,W0031,1172856.84,2025-05-31 06:50:29,FX,1
T01682,W0061,W0025,520681.27,2025-05-31 14:15:00,BOND,0
T02438,W0055,W0095,424475.13,2025-05-31 17:45:00,FX,0
T05486,W0042,W0032,468138.03,2025-05-31 17:25:00,USD,0
T08724,W0051,W0076,1136111.15,2025-05-31 06:50:29,USD,1
T01618,W0081,W0013,534419.52,2025-05-31 18:50:00,USD,0
T08608,W0076,W0095,1199024.52,2025-05-31 07:50:29,BOND,1
T01212,W0057,W0074,612827.6,2025-05-31 18:34:00,BOND,0
T08128,W0078,W0083,1160896.22,2025-05-31 08:50:29,USD,1
T06760,W0078,W0021,458328.52,2025-05-31 14:44:00,BOND,0
T03734,W0048,W0035,558169.79,2025-05-31 09:20:00,BOND,0
T08385,W0017,W0056,938605.65,2025-05-31 07:50:29,FX,1
T00304,W0064,W0076,463119.74,2025-05-31 18:51:00,USD,0
T06865,W0100,W0089,532932.46,2025-05-31 12:05:00,USD,0
T04236,W0075,W0012,494631.15,2025-05-31 14:13:00,BOND,0
T08287,W0016,W0002,917616.8,2025-05-31 06:50:29,FX,1
T03544,W0092,W0024,468371.99,2025-05-31 18:34:00,USD,0
T08779,W0011,W0010,1036121.01,2025-05-31 07:50:29,BOND,1
T03252,W0076,W0002,611547.49,2025-05-31 18:48:00,BOND,0
T08550,W0086,W0053,1180129.72,2025-05-31 08:50:29,USD,1
T07735,W0022,W0068,1110950.17,2025-05-31 06:50:29,FX,1
T00480,W0061,W0093,427203.77,2025-05-31 17:35:00,BOND,0
T02539,W0078,W0017,368451.1,2025-05-31 09:52:00,BOND,0
T03936,W0066,W0020,503339.89,2025-05-31 13:48:00,BOND,0
T07260,W0005,W0024,599414.29,2025-05-31 09:46:00,BOND,0
T03827,W0047,W0047,733622.4,2025-05-31 15:21:00,FX,0
T09250,W0070,W0058,1110371.97,2025-05-31 07:50:29,USD,1
T03543,W0028,W0100,456020.15,2025-05-31 12:44:00,FX,0
T03299,W0010,W0008,417769.63,2025-05-31 17:13:00,FX,0
T07597,W0031,W0094,420459.51,2025-05-31 17:34:00,BOND,0
T07679,W0061,W0092,949918.94,2025-05-31 07:50:29,BOND,1
T00308,W0021,W0014,535715.86,2025-05-31 18:44:00,BOND,0
T01929,W0060,W0064,630287.88,2025-05-31 13:30:00,BOND,0
T02748,W0077,W0085,340215.95,2025-05-31 14:06:00,FX,0
T05550,W0046,W0017,534081.83,2025-05-31 11:16:00,FX,0
T00034,W0065,W0071,361468.12,2025-05-31 18:03:00,USD,0
T03318,W0008,W0049,414202.82,2025-05-31 14:53:00,FX,0
T01048,W0099,W0087,549921.31,2025-05-31 16:56:00,USD,0
T07061,W0073,W0091,600185.59,2025-05-31 11:02:00,FX,0
T06204,W0085,W0065,696020.56,2025-05-31 16:59:00,BOND,0
T05255,W0100,W0003,508580.41,2025-05-31 14:31:00,BOND,0
T00309,W0093,W0054,474696.09,2025-05-31 15:29:00,BOND,0
T09813,W0027,W0020,1155803.09,2025-05-31 07:50:29,BOND,1
T04996,W0033,W0047,575222.2,2025-05-31 18:04:00,BOND,0
T05338,W0013,W0036,489494.38,2025-05-31 18:05:00,FX,0
T03903,W0034,W0088,499507.04,2025-05-31 10:00:00,USD,0
T09906,W0056,W0005,1077388.25,2025-05-31 07:50:29,FX,1
T00471,W0008,W0040,447897.89,2025-05-31 09:33:00,USD,0
T01831,W0040,W0034,508701.48,2025-05-31 15:48:00,USD,0
T04849,W0005,W0052,527738.98,2025-05-31 18:51:00,BOND,0
T03993,W0015,W0086,505785.39,2025-05-31 14:21:00,USD,0
T03758,W0093,W0022,438854.78,2025-05-31 15:54:00,FX,0
T05436,W0045,W0055,384389.96,2025-05-31 10:03:00,FX,0
T06146,W0020,W0070,487183.55,2025-05-31 14:50:00,USD,0
T08461,W0035,W0064,989361.02,2025-05-31 08:50:29,BOND,1
T09472,W0094,W0003,1106180.98,2025-05-31 08:50:29,BOND,1
T01125,W0095,W0018,451653.15,2025-05-31 14:42:00,USD,0
T08083,W0050,W0031,934829.89,2025-05-31 07:50:29,FX,1
T01489,W0087,W0091,541235.32,2025-05-31 17:29:00,FX,0
T08681,W0020,W0011,941207.01,2025-05-31 08:50:29,FX,1
T08813,W0052,W0016,1033429.01,2025-05-31 06:50:29,USD,1
T00648,W0069,W0096,616926.96,2025-05-31 12:43:00,BOND,0
T08103,W0047,W0047,1049731.61,2025-05-31 08:50:29,BOND,1
T01738,W0002,W0027,431799.85,2025-05-31 11:52:00,FX,0
T06375,W0071,W0086,455310.31,2025-05-31 16:06:00,FX,0
T08021,W0063,W0040,1049380.85,2025-05-31 08:50:29,BOND,1
T09297,W0014,W0014,1051087.77,2025-05-31 06:50:29,BOND,1
T06210,W0077,W0014,455368.82,2025-05-31 13:01:00,FX,0
T04126,W0067,W0089,514847.86,2025-05-31 17:49:00,FX,0
T08591,W0091,W0064,1029821.13,2025-05-31 06:50:29,USD,1
T08720,W0023,W0083,1001326.8,2025-05-31 07:50:29,USD,1
T06979,W0060,W0044,527348.03,2025-05-31 18:44:00,FX,0
T07953,W0060,W0047,987288.88,2025-05-31 06:50:29,BOND,1
T00863,W0047,W0098,418927.55,2025-05-31 13:45:00,FX,0
T03767,W0080,W0027,560140.31,2025-05-31 15:11:00,FX,0
T06338,W0025,W0080,527132.77,2025-05-31 17:14:00,BOND,0
T07296,W0036,W0081,464855.1,2025-05-31 18:05:00,USD,0
T08947,W0060,W0025,906615.46,2025-05-31 07:50:29,BOND,1
T02927,W0053,W0063,490776.01,2025-05-31 16:36:00,USD,0
T09368,W0094,W0089,1010438.43,2025-05-31 06:50:29,USD,1
T00573,W0031,W0006,484747.28,2025-05-31 14:32:00,USD,0
T02691,W0031,W0083,523097.19,2025-05-31 09:39:00,BOND,0
T07332,W0036,W0033,587445.38,2025-05-31 12:29:00,USD,0
T05206,W0034,W0055,518148.89,2025-05-31 13:52:00,USD,0
T09827,W0010,W0054,915630.25,2025-05-31 08:50:29,FX,1
T03434,W0056,W0009,592050.85,2025-05-31 12:43:00,BOND,0
T06530,W0006,W0062,475907.92,2025-05-31 18:21:00,BOND,0
T02407,W0044,W0078,491247.08,2025-05-31 12:07:00,FX,0
T04410,W0070,W0027,493216.6,2025-05-31 14:29:00,FX,0
T01486,W0067,W0099,420070.68,2025-05-31 09:37:00,BOND,0
T02819,W0030,W0014,488229.54,2025-05-31 09:49:00,BOND,0
T08158,W0100,W0008,1141778.82,2025-05-31 08:50:29,BOND,1
T01736,W0079,W0077,506863.38,2025-05-31 14:20:00,BOND,0
T07644,W0074,W0060,394957.29,2025-05-31 17:07:00,FX,0
T08286,W0075,W0003,1127012.21,2025-05-31 06:50:29,BOND,1
T08920,W0019,W0036,911423.32,2025-05-31 07:50:29,USD,1
T06973,W0053,W0011,512877.61,2025-05-31 11:21:00,FX,0
T01378,W0008,W0059,476374.79,2025-05-31 10:15:00,BOND,0
T05968,W0068,W0002,645784.85,2025-05-31 18:32:00,BOND,0
T07311,W0013,W0088,389126.75,2025-05-31 12:02:00,BOND,0
T02928,W0020,W0015,634085.35,2025-05-31 14:42:00,FX,0
T05831,W0021,W0063,311457.69,2025-05-31 14:35:00,USD,0
T03560,W0010,W0040,584771.26,2025-05-31 14:45:00,BOND,0
T03725,W0054,W0047,431591.6,2025-05-31 10:52:00,BOND,0
T09160,W0070,W0068,1040600.74,2025-05-31 08:50:29,BOND,1
T04447,W0044,W0038,520417.05,2025-05-31 16:00:00,BOND,0
T04109,W0075,W0009,550216.12,2025-05-31 17:27:00,USD,0
T07030,W0004,W0074,634881.96,2025-05-31 13:50:00,FX,0
T06135,W0083,W0017,530149.85,2025-05-31 15:15:00,USD,0
T05158,W0091,W0009,478324.72,2025-05-31 14:21:00,USD,0
T04290,W0081,W0099,453872.12,2025-05-31 14:53:00,FX,0
T07067,W0002,W0062,490472.3,2025-05-31 17:38:00,FX,0
T09852,W0083,W0073,921263.78,2025-05-31 07:50:29,BOND,1
T06109,W0057,W0022,446997.88,2025-05-31 13:57:00,BOND,0
T08559,W0015,W0089,1123536.56,2025-05-31 08:50:29,BOND,1
T04737,W0026,W0047,515168.19,2025-05-31 10:09:00,FX,0
T01865,W0070,W0017,514884.12,2025-05-31 12:25:00,USD,0
T05036,W0026,W0089,610246.33,2025-05-31 18:15:00,BOND,0
T04217,W0092,W0075,723242.34,2025-05-31 14:36:00,BOND,0
T06304,W0089,W0006,293604.04,2025-05-31 14:33:00,FX,0
T03234,W0074,W0084,567345.39,2025-05-31 15:33:00,BOND,0
T04413,W0016,W0018,479898.6,2025-05-31 09:09:00,BOND,0
T07402,W0048,W0055,462635.92,2025-05-31 19:00:00,USD,0
T01821,W0050,W0038,580369.25,2025-05-31 15:29:00,BOND,0
T06489,W0021,W0076,494670.26,2025-05-31 12:14:00,BOND,0
T03492,W0094,W0008,370617.48,2025-05-31 13:10:00,FX,0
T01714,W0040,W0055,440018.66,2025-05-31 10:52:00,USD,0
T00258,W0072,W0094,386466.91,2025-05-31 18:03:00,USD,0
T03111,W0005,W0082,452116.12,2025-05-31 14:02:00,BOND,0
T02068,W0039,W0004,441621.15,2025-05-31 15:42:00,USD,0
T03324,W0099,W0024,594736.2,2025-05-31 09:28:00,USD,0
T06041,W0049,W0094,567854.67,2025-05-31 15:35:00,BOND,0
T02979,W0039,W0041,400366.09,2025-05-31 17:00:00,FX,0
T09814,W0060,W0024,1138578.53,2025-05-31 08:50:29,BOND,1
T05790,W0076,W0030,388587.12,2025-05-31 15:40:00,FX,0
T04748,W0036,W0055,513822.5,2025-05-31 12:30:00,FX,0
T00091,W0090,W0006,444388.27,2025-05-31 11:07:00,BOND,0
T04517,W0024,W0098,517851.45,2025-05-31 16:17:00,BOND,0
T04722,W0076,W0049,554425.66,2025-05-31 09:42:00,USD,0
T05147,W0093,W0073,666232.15,2025-05-31 16:43:00,BOND,0
T06412,W0083,W0076,430257.3,2025-05-31 09:22:00,USD,0
T02166,W0095,W0013,402343.38,2025-05-31 09:13:00,BOND,0
T02501,W0091,W0065,666083.83,2025-05-31 13:57:00,USD,0
T08501,W0073,W0093,1111098.18,2025-05-31 08:50:29,BOND,1
T03047,W0096,W0021,479557.92,2025-05-31 18:07:00,USD,0
T05655,W0011,W0055,430927.71,2025-05-31 13:11:00,USD,0
T00641,W0020,W0029,506383.38,2025-05-31 15:12:00,FX,0
T09992,W0012,W0011,1117286.38,2025-05-31 06:50:29,FX,1
T04468,W0016,W0078,580056.55,2025-05-31 14:15:00,BOND,0
T02035,W0091,W0075,626348.28,2025-05-31 18:44:00,BOND,0
T02135,W0023,W0072,523506.86,2025-05-31 15:47:00,FX,0
T01344,W0072,W0064,526872.89,2025-05-31 13:55:00,USD,0
T09200,W0072,W0094,1011973.37,2025-05-31 06:50:29,BOND,1
T02973,W0039,W0084,488163.23,2025-05-31 13:43:00,BOND,0
T08671,W0038,W0081,948985.26,2025-05-31 08:50:29,USD,1
T06714,W0088,W0077,651548.89,2025-05-31 16:23:00,USD,0
T08076,W0085,W0046,1049750.5,2025-05-31 08:50:29,BOND,1
T04033,W0019,W0022,624335.29,2025-05-31 13:09:00,FX,0
T08163,W0062,W0044,1107173.7,2025-05-31 08:50:29,BOND,1
T07116,W0090,W0013,521113.6,2025-05-31 16:26:00,USD,0
T09542,W0013,W0057,1133628.55,2025-05-31 08:50:29,BOND,1
T03890,W0035,W0046,387283.56,2025-05-31 17:49:00,USD,0
T05705,W0049,W0019,500472.38,2025-05-31 16:38:00,BOND,0
T06132,W0034,W0014,594869.64,2025-05-31 10:04:00,BOND,0
T05711,W0099,W0021,522585.11,2025-05-31 10:57:00,FX,0
T08970,W0082,W0031,1094673.83,2025-05-31 06:50:29,USD,1
T01852,W0047,W0054,510269.65,2025-05-31 14:56:00,FX,0
T02268,W0072,W0051,446663.66,2025-05-31 10:40:00,BOND,0
T01963,W0046,W0043,515180.33,2025-05-31 16:38:00,USD,0
T05179,W0070,W0073,654116.63,2025-05-31 13:37:00,BOND,0
T06386,W0081,W0048,462867.34,2025-05-31 12:06:00,USD,0
T09576,W0043,W0033,1128057.26,2025-05-31 06:50:29,USD,1
T01013,W0006,W0034,514540.13,2025-05-31 09:21:00,BOND,0
T05464,W0049,W0051,592540.42,2025-05-31 09:04:00,USD,0
T09583,W0090,W0001,1179277.64,2025-05-31 08:50:29,FX,1
T01445,W0095,W0009,472317.52,2025-05-31 18:34:00,USD,0
T05331,W0099,W0030,473149.97,2025-05-31 11:18:00,USD,0
T04272,W0089,W0045,568788.33,2025-05-31 16:04:00,BOND,0
T04629,W0023,W0004,579164.91,2025-05-31 11:35:00,BOND,0
T06956,W0090,W0057,497250.22,2025-05-31 12:50:00,FX,0
T09120,W0011,W0012,1097718.87,2025-05-31 07:50:29,FX,1
T00883,W0008,W0014,333857.61,2025-05-31 12:49:00,BOND,0
T08795,W0045,W0096,1169706.06,2025-05-31 08:50:29,FX,1
T03865,W0067,W0091,557458.49,2025-05-31 12:53:00,USD,0
T07330,W0011,W0019,511317.22,2025-05-31 16:36:00,FX,0
T00976,W0054,W0041,498323.07,2025-05-31 10:58:00,BOND,0
T00079,W0091,W0022,419898.92,2025-05-31 14:38:00,USD,0
T07253,W0028,W0082,516633.77,2025-05-31 11:54:00,USD,0
T04157,W0092,W0087,398745.46,2025-05-31 14:48:00,USD,0
T06995,W0002,W0091,414350.87,2025-05-31 18:54:00,FX,0
T02803,W0008,W0056,444539.06,2025-05-31 10:41:00,BOND,0
T08375,W0084,W0089,985758.34,2025-05-31 07:50:29,BOND,1
T03919,W0019,W0009,606974.58,2025-05-31 12:56:00,USD,0
T07703,W0087,W0049,1167479.35,2025-05-31 08:50:29,BOND,1
T00251,W0022,W0024,419402.48,2025-05-31 18:56:00,USD,0
T08568,W0013,W0099,925704.87,2025-05-31 06:50:29,USD,1
T02318,W0003,W0044,470546.36,2025-05-31 15:06:00,BOND,0
T09262,W0043,W0098,939637.06,2025-05-31 06:50:29,USD,1
T06730,W0039,W0071,505527.18,2025-05-31 17:35:00,BOND,0
T02481,W0017,W0091,520040.43,2025-05-31 14:44:00,FX,0
T07918,W0003,W0018,1199353.66,2025-05-31 07:50:29,BOND,1
T01873,W0051,W0100,585879.62,2025-05-31 13:24:00,FX,0
T06267,W0066,W0033,450619.28,2025-05-31 11:53:00,FX,0
T09736,W0032,W0007,1114683.83,2025-05-31 08:50:29,FX,1
T02272,W0057,W0048,483099.63,2025-05-31 16:58:00,BOND,0
T06711,W0082,W0019,612494.36,2025-05-31 12:56:00,FX,0
T08133,W0025,W0051,1098281.94,2025-05-31 06:50:29,USD,1
T09816,W0039,W0068,1059493.84,2025-05-31 06:50:29,BOND,1
T02500,W0017,W0029,507077.34,2025-05-31 18:34:00,BOND,0
T05906,W0008,W0094,561557.58,2025-05-31 13:40:00,FX,0
T09305,W0005,W0015,916300.55,2025-05-31 07:50:29,BOND,1
T00658,W0053,W0003,408430.38,2025-05-31 18:18:00,BOND,0
T04449,W0061,W0054,350784.25,2025-05-31 10:33:00,BOND,0
T00702,W0075,W0019,480251.54,2025-05-31 12:56:00,FX,0
T03934,W0098,W0039,539973.41,2025-05-31 14:18:00,BOND,0
T04103,W0034,W0073,508725.68,2025-05-31 15:03:00,FX,0
T00045,W0045,W0027,453235.59,2025-05-31 16:08:00,USD,0
T03034,W0010,W0074,503530.79,2025-05-31 16:41:00,USD,0
T02309,W0089,W0089,515768.94,2025-05-31 14:19:00,USD,0
T04504,W0037,W0018,478586.11,2025-05-31 09:01:00,USD,0
T03267,W0066,W0059,548941.14,2025-05-31 15:16:00,USD,0
T02437,W0012,W0044,540537.17,2025-05-31 14:27:00,FX,0
T09836,W0045,W0057,1132973.47,2025-05-31 06:50:29,FX,1
T02073,W0058,W0019,513517.95,2025-05-31 16:59:00,FX,0
T01043,W0029,W0094,354007.9,2025-05-31 17:44:00,BOND,0
T07056,W0056,W0033,614453.35,2025-05-31 10:46:00,FX,0
T03563,W0095,W0058,410987.3,2025-05-31 10:14:00,FX,0
T00153,W0070,W0074,629086.43,2025-05-31 14:11:00,BOND,0
T06364,W0068,W0056,423503.85,2025-05-31 09:52:00,BOND,0
T06026,W0091,W0035,520719.6,2025-05-31 15:49:00,BOND,0
T00575,W0031,W0021,613723.04,2025-05-31 12:30:00,BOND,0
T04065,W0099,W0054,454797.35,2025-05-31 17:02:00,FX,0
T09902,W0052,W0065,1052024.0,2025-05-31 08:50:29,FX,1
T01457,W0093,W0050,387160.79,2025-05-31 18:05:00,USD,0
T04521,W0011,W0066,581240.4,2025-05-31 10:20:00,FX,0
T09655,W0078,W0027,998681.64,2025-05-31 08:50:29,USD,1
T03915,W0059,W0097,472254.66,2025-05-31 14:10:00,FX,0
T08891,W0017,W0027,943505.2,2025-05-31 06:50:29,USD,1
T04388,W0043,W0083,552060.99,2025-05-31 16:19:00,USD,0
T03225,W0080,W0045,519876.83,2025-05-31 11:15:00,BOND,0
T03100,W0005,W0019,420999.71,2025-05-31 09:09:00,BOND,0
T05257,W0030,W0092,374796.99,2025-05-31 10:55:00,FX,0
T06499,W0027,W0027,446580.53,2025-05-31 14:59:00,USD,0
T08298,W0053,W0038,1119034.65,2025-05-31 07:50:29,BOND,1
T01528,W0030,W0057,410694.96,2025-05-31 14:41:00,FX,0
T04523,W0041,W0086,500352.19,2025-05-31 10:05:00,USD,0
T03198,W0031,W0061,608574.8,2025-05-31 10:01:00,USD,0
T03688,W0052,W0047,515763.99,2025-05-31 15:40:00,USD,0
T04691,W0091,W0031,495179.81,2025-05-31 17:53:00,FX,0
T05919,W0081,W0031,450823.62,2025-05-31 10:28:00,FX,0
T09637,W0039,W0092,910946.04,2025-05-31 07:50:29,FX,1
T09984,W0028,W0023,1009789.9,2025-05-31 06:50:29,FX,1
T01446,W0005,W0072,563959.94,2025-05-31 11:42:00,USD,0
T04231,W0035,W0015,509272.41,2025-05-31 12:03:00,USD,0
T06798,W0083,W0058,580054.37,2025-05-31 09:30:00,FX,0
T01730,W0037,W0041,468021.77,2025-05-31 14:13:00,FX,0
T05622,W0079,W0100,511933.14,2025-05-31 12:23:00,FX,0
T06100,W0065,W0008,380544.02,2025-05-31 10:33:00,USD,0
T03353,W0061,W0079,645897.47,2025-05-31 15:32:00,USD,0
T08400,W0028,W0018,1175407.4,2025-05-31 08:50:29,FX,1
T07585,W0039,W0095,501832.16,2025-05-31 13:38:00,USD,0
T03030,W0068,W0068,709661.38,2025-05-31 13:10:00,FX,0
T02543,W0078,W0089,610347.66,2025-05-31 16:40:00,FX,0
T07047,W0072,W0056,539286.96,2025-05-31 12:38:00,USD,0
T00921,W0063,W0051,467119.64,2025-05-31 14:08:00,USD,0
T05590,W0039,W0064,411911.79,2025-05-31 14:30:00,BOND,0
T05596,W0012,W0046,352297.75,2025-05-31 15:45:00,FX,0
T02560,W0063,W0090,465523.58,2025-05-31 11:51:00,USD,0
T09106,W0018,W0076,1002898.42,2025-05-31 08:50:29,FX,1
T02565,W0079,W0023,619067.73,2025-05-31 15:27:00,USD,0
T04203,W0013,W0063,561528.41,2025-05-31 09:10:00,BOND,0
T01001,W0005,W0098,533099.46,2025-05-31 15:13:00,BOND,0
T05756,W0008,W0066,525195.85,2025-05-31 18:57:00,FX,0
T09259,W0061,W0100,1170375.27,2025-05-31 06:50:29,FX,1
T06354,W0063,W0061,510111.8,2025-05-31 09:49:00,BOND,0
T06971,W0026,W0083,407867.07,2025-05-31 18:06:00,BOND,0
T09553,W0097,W0053,1093792.21,2025-05-31 06:50:29,FX,1
T04921,W0092,W0082,675981.37,2025-05-31 16:40:00,BOND,0
T07659,W0014,W0095,1018326.35,2025-05-31 06:50:29,USD,1
T07035,W0017,W0091,667229.97,2025-05-31 18:24:00,BOND,0
T09656,W0002,W0021,1147632.54,2025-05-31 08:50:29,BOND,1
T00806,W0081,W0063,468610.86,2025-05-31 10:13:00,USD,0
T03256,W0045,W0061,465668.87,2025-05-31 16:07:00,USD,0
T00294,W0017,W0050,577011.16,2025-05-31 16:34:00,BOND,0
T02965,W0033,W0044,464522.64,2025-05-31 09:44:00,FX,0
T07532,W0001,W0092,480633.51,2025-05-31 12:51:00,USD,0
T08618,W0070,W0076,1144536.97,2025-05-31 08:50:29,BOND,1
T03240,W0095,W0049,386700.37,2025-05-31 12:22:00,FX,0
T00255,W0092,W0006,487970.47,2025-05-31 18:38:00,FX,0
T04807,W0070,W0083,649830.4,2025-05-31 11:06:00,USD,0
T07480,W0094,W0060,542606.87,2025-05-31 14:02:00,USD,0
T05489,W0044,W0046,438177.9,2025-05-31 17:47:00,USD,0
T00649,W0020,W0045,481819.88,2025-05-31 11:52:00,FX,0
T08648,W0083,W0060,1006620.53,2025-05-31 06:50:29,FX,1
T04100,W0049,W0065,557133.05,2025-05-31 14:09:00,FX,0
T07863,W0069,W0080,1143468.58,2025-05-31 07:50:29,FX,1
T04497,W0045,W0083,535299.2,2025-05-31 13:07:00,USD,0
T05055,W0067,W0029,523661.01,2025-05-31 13:05:00,BOND,0
T00166,W0033,W0026,441692.55,2025-05-31 09:56:00,BOND,0
T00148,W0031,W0098,401570.78,2025-05-31 15:28:00,BOND,0
T01050,W0059,W0049,376461.88,2025-05-31 15:26:00,FX,0
T08430,W0088,W0034,936605.45,2025-05-31 06:50:29,USD,1
T06679,W0072,W0007,568190.02,2025-05-31 12:30:00,BOND,0
T09203,W0095,W0047,903141.36,2025-05-31 06:50:29,FX,1
T04376,W0069,W0082,601730.04,2025-05-31 17:39:00,BOND,0
T02283,W0040,W0081,476671.95,2025-05-31 12:36:00,BOND,0
T08433,W0021,W0025,915915.93,2025-05-31 07:50:29,BOND,1
T02549,W0095,W0022,472900.36,2025-05-31 10:45:00,USD,0
T08176,W0035,W0053,1049070.25,2025-05-31 06:50:29,BOND,1
T01009,W0016,W0040,491541.24,2025-05-31 12:59:00,FX,0
T04998,W0032,W0005,457180.13,2025-05-31 17:01:00,BOND,0
T01804,W0096,W0009,505993.36,2025-05-31 17:24:00,BOND,0
T07813,W0067,W0018,1146720.13,2025-05-31 06:50:29,FX,1
T02752,W0054,W0079,649403.8,2025-05-31 14:25:00,BOND,0
T01591,W0024,W0036,416928.63,2025-05-31 09:34:00,BOND,0
T00392,W0077,W0092,456130.57,2025-05-31 18:31:00,FX,0
T07928,W0054,W0049,1108379.03,2025-05-31 06:50:29,BOND,1
T09821,W0081,W0006,1179578.32,2025-05-31 08:50:29,USD,1
T06347,W0051,W0003,493636.1,2025-05-31 11:41:00,BOND,0
T04801,W0094,W0012,487311.32,2025-05-31 17:49:00,FX,0
T09794,W0073,W0088,1173260.31,2025-05-31 06:50:29,USD,1
T01240,W0009,W0059,381389.05,2025-05-31 13:17:00,BOND,0
T04459,W0094,W0089,520938.84,2025-05-31 10:14:00,BOND,0
T05224,W0013,W0003,477347.31,2025-05-31 10:29:00,BOND,0
T03695,W0098,W0029,441695.79,2025-05-31 10:04:00,FX,0
T06276,W0076,W0019,484762.03,2025-05-31 13:39:00,FX,0
T08802,W0100,W0002,1032091.78,2025-05-31 08:50:29,USD,1
T03898,W0089,W0035,462335.1,2025-05-31 14:52:00,BOND,0
T08061,W0039,W0063,1015138.25,2025-05-31 06:50:29,USD,1
T00596,W0047,W0035,506526.95,2025-05-31 10:24:00,USD,0
T08644,W0056,W0090,1003560.54,2025-05-31 07:50:29,FX,1
T07121,W0029,W0058,544032.71,2025-05-31 16:51:00,BOND,0
T06649,W0062,W0035,456260.24,2025-05-31 17:55:00,USD,0
T04025,W0097,W0092,429865.34,2025-05-31 17:29:00,USD,0
T04321,W0090,W0054,391280.52,2025-05-31 10:35:00,FX,0
T09944,W0099,W0018,1024468.0,2025-05-31 08:50:29,FX,1
T06169,W0024,W0073,473428.01,2025-05-31 10:35:00,FX,0
T01824,W0035,W0011,406091.31,2025-05-31 11:40:00,FX,0
T07033,W0017,W0033,545372.47,2025-05-31 09:41:00,FX,0
T04380,W0083,W0024,472210.2,2025-05-31 11:44:00,BOND,0
T01537,W0085,W0035,399914.38,2025-05-31 10:17:00,BOND,0
T09289,W0098,W0031,928103.29,2025-05-31 08:50:29,BOND,1
T00345,W0083,W0054,539666.47,2025-05-31 16:48:00,USD,0
T02725,W0014,W0096,519533.44,2025-05-31 09:02:00,FX,0
T06821,W0046,W0091,702852.59,2025-05-31 17:04:00,FX,0
T06319,W0061,W0004,412318.71,2025-05-31 18:44:00,USD,0
T09505,W0042,W0065,1161047.1,2025-05-31 08:50:29,FX,1
T00040,W0082,W0050,493352.27,2025-05-31 12:47:00,BOND,0
T07603,W0063,W0009,455734.87,2025-05-31 13:59:00,FX,0
T07076,W0014,W0062,477992.27,2025-05-31 14:03:00,BOND,0
T04274,W0001,W0084,487280.16,2025-05-31 11:11:00,USD,0
T00396,W0056,W0065,446015.61,2025-05-31 16:33:00,BOND,0
T02097,W0034,W0042,532223.38,2025-05-31 18:00:00,USD,0
T08314,W0062,W0083,1143281.26,2025-05-31 08:50:29,FX,1
T07836,W0060,W0021,1168969.52,2025-05-31 08:50:29,BOND,1
T05585,W0093,W0064,571017.9,2025-05-31 10:54:00,BOND,0
T09384,W0005,W0031,974981.72,2025-05-31 06:50:29,FX,1
T07567,W0015,W0019,392226.89,2025-05-31 10:03:00,FX,0
T07483,W0049,W0072,436282.42,2025-05-31 10:13:00,BOND,0
T05271,W0069,W0051,444028.74,2025-05-31 18:15:00,BOND,0
T03048,W0010,W0076,552843.68,2025-05-31 12:21:00,FX,0
T09221,W0045,W0002,1029225.14,2025-05-31 08:50:29,BOND,1
T04257,W0056,W0049,544033.09,2025-05-31 09:37:00,BOND,0
T08662,W0084,W0020,1074608.29,2025-05-31 08:50:29,FX,1
T05971,W0016,W0063,548239.0,2025-05-31 18:20:00,FX,0
T06552,W0065,W0033,378073.86,2025-05-31 12:52:00,FX,0
T09964,W0038,W0005,1198498.75,2025-05-31 06:50:29,USD,1
T00173,W0058,W0079,483789.32,2025-05-31 10:40:00,BOND,0
T09011,W0042,W0010,1056727.3,2025-05-31 07:50:29,FX,1
T08080,W0030,W0079,997536.08,2025-05-31 08:50:29,FX,1
T06799,W0063,W0058,406477.87,2025-05-31 11:17:00,USD,0
T05570,W0035,W0037,461244.07,2025-05-31 15:24:00,FX,0
T07949,W0076,W0016,1068447.32,2025-05-31 07:50:29,FX,1
T01715,W0040,W0063,513231.77,2025-05-31 14:41:00,BOND,0
T06807,W0033,W0066,571662.59,2025-05-31 15:05:00,USD,0
T01491,W0041,W0047,621118.19,2025-05-31 11:57:00,USD,0
T01787,W0070,W0074,514976.52,2025-05-31 16:31:00,FX,0
T00869,W0062,W0084,495106.35,2025-05-31 18:09:00,USD,0
T07685,W0032,W0022,1102510.31,2025-05-31 08:50:29,USD,1
T04261,W0084,W0081,371855.53,2025-05-31 09:20:00,BOND,0
T05927,W0047,W0096,440275.23,2025-05-31 17:51:00,BOND,0
T09005,W0074,W0026,1102824.8,2025-05-31 06:50:29,BOND,1
T04202,W0065,W0017,463161.01,2025-05-31 10:29:00,FX,0
T09140,W0041,W0052,1016060.44,2025-05-31 07:50:29,FX,1
T03160,W0074,W0026,656071.7,2025-05-31 09:42:00,BOND,0
T08115,W0022,W0037,1039184.08,2025-05-31 07:50:29,FX,1
T06573,W0079,W0030,404074.28,2025-05-31 17:19:00,USD,0
T03608,W0045,W0033,443087.3,2025-05-31 11:38:00,FX,0
T01139,W0045,W0083,520989.33,2025-05-31 12:27:00,USD,0
T02640,W0024,W0055,486360.8,2025-05-31 09:19:00,FX,0
T05816,W0013,W0003,416940.65,2025-05-31 18:22:00,USD,0
T05806,W0086,W0079,468321.9,2025-05-31 15:38:00,USD,0
T00112,W0064,W0002,431936.73,2025-05-31 15:01:00,FX,0
T07405,W0056,W0090,653446.45,2025-05-31 10:30:00,USD,0
T09201,W0038,W0055,1124188.38,2025-05-31 08:50:29,FX,1
T00393,W0079,W0021,511733.31,2025-05-31 09:21:00,USD,0
T04771,W0050,W0062,431792.56,2025-05-31 10:06:00,USD,0
T02929,W0050,W0065,403383.62,2025-05-31 11:00:00,USD,0
T00931,W0035,W0001,483854.11,2025-05-31 17:59:00,FX,0
T07732,W0066,W0007,1027836.7,2025-05-31 08:50:29,USD,1
T00426,W0039,W0048,487215.33,2025-05-31 15:12:00,USD,0
T04407,W0019,W0066,583487.02,2025-05-31 11:08:00,USD,0
T08500,W0043,W0007,1079560.79,2025-05-31 07:50:29,USD,1
T08883,W0062,W0100,1055070.24,2025-05-31 06:50:29,FX,1
T06301,W0092,W0093,646206.77,2025-05-31 10:28:00,BOND,0
T00604,W0081,W0017,351271.29,2025-05-31 11:53:00,BOND,0
T06176,W0064,W0051,578593.1,2025-05-31 12:10:00,USD,0
T09240,W0099,W0027,1044321.13,2025-05-31 07:50:29,USD,1
T00534,W0057,W0080,550410.61,2025-05-31 11:03:00,BOND,0
T03627,W0086,W0066,448898.71,2025-05-31 14:47:00,USD,0
T02946,W0093,W0041,582951.96,2025-05-31 13:03:00,FX,0
T01167,W0005,W0050,377311.99,2025-05-31 12:18:00,USD,0
T05181,W0015,W0099,474816.52,2025-05-31 12:20:00,FX,0
T01514,W0048,W0082,784946.07,2025-05-31 15:08:00,FX,0
T03997,W0039,W0008,603974.99,2025-05-31 16:49:00,BOND,0
T05186,W0082,W0074,404130.09,2025-05-31 10:41:00,USD,0
T09953,W0092,W0080,1043446.46,2025-05-31 08:50:29,FX,1
T02584,W0057,W0008,533356.14,2025-05-31 18:19:00,FX,0
T02554,W0019,W0070,583577.02,2025-05-31 14:32:00,USD,0
T00058,W0069,W0091,559657.24,2025-05-31 13:22:00,FX,0
T06490,W0049,W0008,513816.69,2025-05-31 12:19:00,FX,0
T05167,W0069,W0087,509188.34,2025-05-31 14:26:00,USD,0
T04761,W0086,W0074,516474.27,2025-05-31 13:39:00,USD,0
T07356,W0079,W0052,538904.78,2025-05-31 11:51:00,USD,0
T07298,W0071,W0023,506933.1,2025-05-31 10:07:00,FX,0
T00419,W0031,W0042,660718.39,2025-05-31 13:43:00,FX,0
T08239,W0096,W0084,1102897.47,2025-05-31 07:50:29,FX,1
T08193,W0054,W0067,929372.7,2025-05-31 08:50:29,USD,1
T07143,W0083,W0039,503748.51,2025-05-31 15:15:00,BOND,0
T06266,W0048,W0068,471587.92,2025-05-31 10:34:00,FX,0
T01836,W0037,W0093,422631.87,2025-05-31 15:48:00,FX,0
T01599,W0059,W0079,492970.81,2025-05-31 10:07:00,FX,0
T09008,W0012,W0012,1072927.2,2025-05-31 08:50:29,BOND,1
T02014,W0082,W0038,591930.58,2025-05-31 16:22:00,USD,0
T03249,W0064,W0051,433587.02,2025-05-31 13:33:00,USD,0
T03250,W0053,W0041,517796.23,2025-05-31 09:26:00,BOND,0
T08823,W0068,W0093,1189640.5,2025-05-31 08:50:29,FX,1
T09155,W0031,W0008,933827.06,2025-05-31 06:50:29,FX,1
T08480,W0053,W0095,927399.95,2025-05-31 08:50:29,BOND,1
T02522,W0098,W0007,553851.86,2025-05-31 18:11:00,BOND,0
T01441,W0066,W0043,498901.09,2025-05-31 09:35:00,USD,0
T04220,W0005,W0023,565240.69,2025-05-31 15:00:00,USD,0
T02441,W0066,W0091,460491.26,2025-05-31 16:43:00,FX,0
T02335,W0090,W0004,360782.87,2025-05-31 10:24:00,USD,0
T00714,W0003,W0006,419389.87,2025-05-31 11:18:00,FX,0
T09059,W0080,W0056,951188.19,2025-05-31 06:50:29,BOND,1
T09380,W0001,W0056,947322.57,2025-05-31 06:50:29,USD,1
T03410,W0007,W0086,427906.86,2025-05-31 13:51:00,FX,0
T06308,W0024,W0059,386078.07,2025-05-31 13:55:00,BOND,0
T01762,W0081,W0051,560771.84,2025-05-31 12:58:00,FX,0
T07418,W0045,W0014,533720.84,2025-05-31 11:10:00,BOND,0
T04284,W0090,W0025,728570.5,2025-05-31 18:33:00,BOND,0
T07166,W0085,W0087,534024.06,2025-05-31 15:47:00,BOND,0
T01744,W0063,W0041,374441.21,2025-05-31 14:54:00,FX,0
T09229,W0039,W0092,1041352.57,2025-05-31 08:50:29,BOND,1
T05813,W0021,W0014,517583.5,2025-05-31 15:08:00,USD,0
T02245,W0037,W0054,443478.7,2025-05-31 14:38:00,FX,0
T07262,W0031,W0018,366437.77,2025-05-31 13:00:00,USD,0
T03639,W0088,W0030,468131.16,2025-05-31 10:46:00,USD,0
T03884,W0085,W0029,395324.7,2025-05-31 16:17:00,FX,0
T02551,W0097,W0019,389993.98,2025-05-31 18:58:00,BOND,0
T09344,W0066,W0005,1087506.67,2025-05-31 08:50:29,USD,1
T02034,W0061,W0045,468298.74,2025-05-31 16:57:00,BOND,0
T07081,W0061,W0093,500774.25,2025-05-31 09:57:00,BOND,0
T00450,W0095,W0013,500119.29,2025-05-31 11:19:00,USD,0
T05468,W0051,W0069,487414.93,2025-05-31 15:50:00,USD,0
T09170,W0069,W0025,1174463.81,2025-05-31 06:50:29,FX,1
T06281,W0100,W0043,357263.89,2025-05-31 15:11:00,USD,0
T07931,W0082,W0077,1075584.08,2025-05-31 08:50:29,FX,1
T07939,W0079,W0073,1040919.18,2025-05-31 07:50:29,USD,1
T05330,W0019,W0035,639657.62,2025-05-31 14:56:00,BOND,0
T03839,W0086,W0058,431863.96,2025-05-31 18:44:00,FX,0
T09540,W0030,W0032,1025151.39,2025-05-31 06:50:29,USD,1
T00556,W0046,W0084,524607.9,2025-05-31 15:21:00,USD,0
T06601,W0043,W0071,309158.34,2025-05-31 17:57:00,BOND,0
T01813,W0014,W0056,460955.62,2025-05-31 12:13:00,FX,0
T01501,W0092,W0044,332343.56,2025-05-31 18:19:00,USD,0
T09808,W0036,W0047,987094.26,2025-05-31 08:50:29,FX,1
T00059,W0004,W0091,499215.69,2025-05-31 15:01:00,BOND,0
T06723,W0024,W0030,495487.55,2025-05-31 18:34:00,BOND,0
T05744,W0056,W0046,384496.92,2025-05-31 14:35:00,BOND,0
T02688,W0048,W0068,407989.94,2025-05-31 11:23:00,FX,0
T03295,W0031,W0098,571964.99,2025-05-31 10:36:00,FX,0
T01096,W0051,W0080,532761.86,2025-05-31 18:02:00,FX,0
T08649,W0028,W0051,1062843.97,2025-05-31 07:50:29,BOND,1
T07976,W0085,W0094,1159399.81,2025-05-31 07:50:29,FX,1
T08408,W0009,W0035,954116.17,2025-05-31 06:50:29,BOND,1
T03952,W0079,W0007,524599.95,2025-05-31 10:53:00,USD,0
T09620,W0041,W0019,1128248.09,2025-05-31 06:50:29,BOND,1
T04102,W0053,W0039,670413.57,2025-05-31 12:22:00,BOND,0
T03453,W0092,W0044,510749.01,2025-05-31 11:03:00,BOND,0
T08929,W0096,W0052,1038975.49,2025-05-31 08:50:29,FX,1
T04677,W0096,W0045,551505.02,2025-05-31 10:22:00,USD,0
T05377,W0075,W0069,531434.45,2025-05-31 14:38:00,FX,0
T09538,W0007,W0023,1136061.47,2025-05-31 07:50:29,FX,1
T00524,W0046,W0052,348703.43,2025-05-31 18:30:00,FX,0
T00965,W0021,W0082,296960.85,2025-05-31 13:01:00,FX,0
T04158,W0041,W0051,580076.91,2025-05-31 13:39:00,USD,0
T05941,W0073,W0073,332030.22,2025-05-31 09:12:00,FX,0
T08579,W0073,W0057,1195519.06,2025-05-31 06:50:29,BOND,1
T00767,W0069,W0042,498586.99,2025-05-31 10:48:00,USD,0
T02122,W0080,W0082,580874.26,2025-05-31 15:57:00,USD,0
T04469,W0026,W0006,625766.35,2025-05-31 15:13:00,BOND,0
T03143,W0071,W0098,460528.38,2025-05-31 14:18:00,BOND,0
T01567,W0042,W0080,444567.27,2025-05-31 09:33:00,FX,0
T02761,W0050,W0081,536598.21,2025-05-31 17:20:00,BOND,0
T04501,W0031,W0097,477208.99,2025-05-31 13:12:00,BOND,0
T08455,W0037,W0071,998232.91,2025-05-31 07:50:29,USD,1
T02265,W0091,W0068,384821.94,2025-05-31 15:01:00,FX,0
T06305,W0001,W0062,643545.98,2025-05-31 18:37:00,USD,0
T06069,W0022,W0016,551519.52,2025-05-31 09:12:00,FX,0
T06970,W0045,W0031,466981.11,2025-05-31 10:42:00,FX,0
T01051,W0035,W0067,373026.34,2025-05-31 11:40:00,USD,0
T03906,W0041,W0067,366264.72,2025-05-31 14:03:00,BOND,0
T05080,W0006,W0070,667585.47,2025-05-31 14:08:00,FX,0
T01543,W0003,W0019,547712.64,2025-05-31 13:09:00,BOND,0
T04239,W0074,W0037,486665.9,2025-05-31 13:08:00,USD,0
T06121,W0068,W0044,401560.67,2025-05-31 09:19:00,USD,0
T04814,W0025,W0044,471741.26,2025-05-31 17:19:00,FX,0
T01970,W0074,W0088,533564.44,2025-05-31 16:09:00,USD,0
T03326,W0007,W0031,591777.54,2025-05-31 09:12:00,FX,0
T04683,W0047,W0001,522614.46,2025-05-31 16:02:00,FX,0
T09296,W0053,W0084,1114604.2,2025-05-31 06:50:29,FX,1
T04263,W0085,W0098,375239.65,2025-05-31 16:31:00,FX,0
T06717,W0063,W0017,561918.13,2025-05-31 18:58:00,BOND,0
T04558,W0002,W0009,359416.03,2025-05-31 13:16:00,BOND,0
T09669,W0042,W0035,987248.34,2025-05-31 08:50:29,USD,1
T06664,W0062,W0070,442819.05,2025-05-31 16:49:00,USD,0
T03805,W0060,W0090,484225.73,2025-05-31 10:56:00,BOND,0
T03348,W0048,W0046,465706.94,2025-05-31 16:44:00,FX,0
T01317,W0075,W0006,579225.99,2025-05-31 15:03:00,BOND,0
T04372,W0037,W0006,357920.04,2025-05-31 09:57:00,USD,0
T03285,W0070,W0040,406602.95,2025-05-31 13:44:00,FX,0
T09371,W0059,W0080,969314.36,2025-05-31 08:50:29,USD,1
T08811,W0078,W0056,1170713.58,2025-05-31 08:50:29,BOND,1
T04887,W0067,W0031,570854.61,2025-05-31 09:52:00,FX,0
T01115,W0009,W0011,405660.42,2025-05-31 12:14:00,FX,0
T08058,W0084,W0049,1152114.37,2025-05-31 06:50:29,FX,1
T02568,W0023,W0051,506345.99,2025-05-31 18:47:00,BOND,0
T00351,W0085,W0044,484466.04,2025-05-31 16:47:00,BOND,0
T09812,W0004,W0035,1150272.19,2025-05-31 08:50:29,USD,1
T09339,W0002,W0044,1122863.66,2025-05-31 07:50:29,BOND,1
T03454,W0027,W0038,453650.55,2025-05-31 09:08:00,FX,0
T05237,W0035,W0048,405736.9,2025-05-31 14:42:00,FX,0
T08413,W0026,W0091,1159804.57,2025-05-31 06:50:29,USD,1
T08536,W0025,W0064,1124340.8,2025-05-31 08:50:29,USD,1
T07683,W0083,W0088,1087099.93,2025-05-31 08:50:29,BOND,1
T01305,W0060,W0088,602669.07,2025-05-31 14:47:00,BOND,0
T04984,W0065,W0030,552758.62,2025-05-31 17:37:00,FX,0
T07742,W0087,W0005,988089.89,2025-05-31 06:50:29,FX,1
T07101,W0021,W0059,655354.42,2025-05-31 18:03:00,USD,0
T00092,W0062,W0033,424108.47,2025-05-31 09:21:00,USD,0
T04695,W0072,W0079,523045.77,2025-05-31 15:12:00,USD,0
T07091,W0005,W0022,506861.15,2025-05-31 15:37:00,USD,0
T06079,W0039,W0056,574088.02,2025-05-31 11:19:00,USD,0
T06052,W0067,W0014,522958.62,2025-05-31 10:27:00,BOND,0
T02990,W0066,W0071,411013.1,2025-05-31 18:31:00,USD,0
T01370,W0030,W0068,464331.36,2025-05-31 09:58:00,USD,0
T08755,W0067,W0094,959633.58,2025-05-31 08:50:29,FX,1
T00574,W0068,W0064,525244.06,2025-05-31 18:00:00,FX,0
T08211,W0069,W0008,977335.41,2025-05-31 06:50:29,FX,1
T08457,W0084,W0083,938188.71,2025-05-31 07:50:29,BOND,1
T09748,W0042,W0086,1160012.37,2025-05-31 08:50:29,FX,1
T03680,W0059,W0063,496278.84,2025-05-31 10:26:00,BOND,0
T00206,W0019,W0058,402069.52,2025-05-31 09:15:00,FX,0
T03968,W0100,W0025,372445.15,2025-05-31 10:50:00,FX,0
T08346,W0073,W0062,1140114.81,2025-05-31 06:50:29,USD,1
T00516,W0036,W0070,547350.41,2025-05-31 18:08:00,FX,0
T02796,W0007,W0096,464291.4,2025-05-31 18:07:00,BOND,0
T05574,W0097,W0082,466593.93,2025-05-31 18:36:00,FX,0
T03754,W0008,W0097,478790.01,2025-05-31 16:16:00,USD,0
T04288,W0089,W0054,478957.27,2025-05-31 13:55:00,FX,0
T00018,W0006,W0075,513654.28,2025-05-31 17:00:00,BOND,0
T01198,W0022,W0071,548928.8,2025-05-31 14:17:00,FX,0
T05983,W0083,W0023,572790.01,2025-05-31 13:26:00,BOND,0
T07982,W0019,W0035,1109126.41,2025-05-31 08:50:29,USD,1
T02780,W0009,W0038,519252.6,2025-05-31 12:48:00,USD,0
T01988,W0081,W0010,644306.56,2025-05-31 18:18:00,FX,0
T03245,W0095,W0002,430016.79,2025-05-31 10:50:00,FX,0
T07105,W0085,W0074,588676.67,2025-05-31 10:59:00,BOND,0
T01841,W0039,W0047,428917.37,2025-05-31 14:18:00,FX,0
T01949,W0032,W0094,517191.88,2025-05-31 15:46:00,FX,0
T09602,W0057,W0068,1018528.63,2025-05-31 08:50:29,FX,1
T06312,W0079,W0051,735699.89,2025-05-31 10:40:00,BOND,0
T08966,W0080,W0081,1003405.06,2025-05-31 08:50:29,USD,1
T01413,W0087,W0050,416876.27,2025-05-31 18:24:00,FX,0
T09921,W0079,W0092,1187705.89,2025-05-31 06:50:29,BOND,1
T02100,W0044,W0083,460692.37,2025-05-31 17:14:00,USD,0
T02402,W0061,W0046,525602.34,2025-05-31 16:19:00,BOND,0
T08310,W0092,W0065,1065337.07,2025-05-31 08:50:29,BOND,1
T01643,W0033,W0002,451475.8,2025-05-31 10:12:00,FX,0
T00312,W0071,W0057,478862.09,2025-05-31 10:42:00,FX,0
T00405,W0017,W0031,435401.96,2025-05-31 10:12:00,USD,0
T03274,W0094,W0059,583114.2,2025-05-31 14:36:00,FX,0
T05163,W0072,W0084,617344.19,2025-05-31 10:25:00,FX,0
T02854,W0045,W0088,590321.51,2025-05-31 18:25:00,FX,0
T00722,W0015,W0086,550616.42,2025-05-31 13:38:00,BOND,0
T03493,W0039,W0029,516870.15,2025-05-31 12:00:00,USD,0
T07310,W0063,W0089,546576.56,2025-05-31 14:17:00,FX,0
T07554,W0074,W0069,471334.01,2025-05-31 11:17:00,FX,0
T04487,W0045,W0006,442710.59,2025-05-31 10:04:00,FX,0
T01027,W0016,W0078,621564.7,2025-05-31 16:09:00,USD,0
T09868,W0019,W0046,903412.98,2025-05-31 07:50:29,FX,1
T04037,W0041,W0100,441865.72,2025-05-31 09:47:00,USD,0
T00694,W0032,W0084,531673.13,2025-05-31 13:11:00,USD,0
T08196,W0059,W0055,966617.28,2025-05-31 06:50:29,FX,1
T09829,W0065,W0071,993163.27,2025-05-31 07:50:29,FX,1
T01521,W0071,W0008,479047.53,2025-05-31 17:07:00,FX,0
T00440,W0073,W0027,538711.43,2025-05-31 10:10:00,BOND,0
T09926,W0083,W0054,1031499.07,2025-05-31 06:50:29,USD,1
T06682,W0032,W0016,579197.15,2025-05-31 12:56:00,FX,0
T00969,W0012,W0065,537575.67,2025-05-31 16:42:00,USD,0
T06791,W0093,W0040,485868.44,2025-05-31 09:03:00,USD,0
T01010,W0060,W0063,493725.82,2025-05-31 15:35:00,BOND,0
T09684,W0039,W0028,1066003.49,2025-05-31 07:50:29,FX,1
T01914,W0048,W0048,508585.64,2025-05-31 11:46:00,USD,0
T00209,W0079,W0060,670161.76,2025-05-31 12:15:00,BOND,0
T00558,W0067,W0018,501886.12,2025-05-31 14:08:00,USD,0
T02746,W0023,W0091,431171.44,2025-05-31 18:33:00,BOND,0
T09940,W0084,W0058,1075829.5,2025-05-31 06:50:29,USD,1
T09426,W0016,W0026,964317.3,2025-05-31 07:50:29,FX,1
T02632,W0026,W0067,591462.68,2025-05-31 18:37:00,USD,0
T09556,W0045,W0086,912430.76,2025-05-31 06:50:29,BOND,1
T04427,W0011,W0003,402365.94,2025-05-31 09:39:00,FX,0
T06002,W0016,W0033,592246.46,2025-05-31 14:05:00,FX,0
T00825,W0083,W0015,487158.23,2025-05-31 12:00:00,FX,0
T05775,W0038,W0097,515132.08,2025-05-31 16:14:00,BOND,0
T01892,W0051,W0036,448228.53,2025-05-31 11:59:00,FX,0
T04259,W0011,W0001,678664.02,2025-05-31 13:27:00,FX,0
T05947,W0085,W0092,454279.29,2025-05-31 11:20:00,USD,0
T07664,W0040,W0035,938317.65,2025-05-31 06:50:29,USD,1
T03606,W0064,W0071,656874.58,2025-05-31 10:09:00,BOND,0
T03021,W0068,W0079,461632.85,2025-05-31 17:00:00,USD,0
T02702,W0053,W0058,643453.03,2025-05-31 14:38:00,BOND,0
T04502,W0012,W0014,483676.73,2025-05-31 16:20:00,BOND,0
T01763,W0033,W0083,490695.79,2025-05-31 15:50:00,FX,0
T06025,W0022,W0088,602305.9,2025-05-31 16:50:00,FX,0
T02700,W0008,W0052,402536.91,2025-05-31 12:05:00,BOND,0
T03959,W0069,W0063,483793.63,2025-05-31 16:27:00,FX,0
T00669,W0062,W0062,476307.91,2025-05-31 14:22:00,BOND,0
T05760,W0059,W0059,553260.73,2025-05-31 16:59:00,BOND,0
T03146,W0074,W0003,505923.03,2025-05-31 16:35:00,BOND,0
T09759,W0012,W0089,1124653.14,2025-05-31 08:50:29,FX,1
T09832,W0069,W0040,1008410.72,2025-05-31 08:50:29,BOND,1
T08023,W0075,W0013,1121196.56,2025-05-31 07:50:29,BOND,1
T02570,W0035,W0070,565723.97,2025-05-31 17:56:00,USD,0
T03555,W0037,W0097,735715.98,2025-05-31 09:50:00,FX,0
T07541,W0058,W0073,459453.82,2025-05-31 11:44:00,BOND,0
T05897,W0095,W0084,509837.47,2025-05-31 09:13:00,USD,0
T03335,W0084,W0021,575456.22,2025-05-31 14:21:00,FX,0
T05517,W0001,W0062,501634.13,2025-05-31 16:02:00,BOND,0
T01087,W0026,W0092,447779.09,2025-05-31 15:37:00,USD,0
T04378,W0072,W0089,541598.36,2025-05-31 13:52:00,USD,0
T00752,W0069,W0057,520955.81,2025-05-31 10:42:00,BOND,0
T03723,W0020,W0010,552218.7,2025-05-31 16:49:00,USD,0
T07218,W0032,W0046,491910.75,2025-05-31 18:20:00,FX,0
T01911,W0021,W0042,458905.94,2025-05-31 14:51:00,USD,0
T06065,W0078,W0027,366417.14,2025-05-31 11:32:00,BOND,0
T05183,W0087,W0068,606779.6,2025-05-31 09:43:00,BOND,0
T05578,W0008,W0014,524494.83,2025-05-31 17:37:00,BOND,0
T01531,W0053,W0032,468903.73,2025-05-31 11:01:00,USD,0
T08352,W0071,W0078,916685.47,2025-05-31 08:50:29,FX,1
T02828,W0081,W0080,436874.41,2025-05-31 11:24:00,FX,0
T00537,W0029,W0035,369786.77,2025-05-31 18:26:00,BOND,0
T03568,W0049,W0086,352339.44,2025-05-31 10:52:00,BOND,0
T03751,W0087,W0060,635744.36,2025-05-31 13:19:00,BOND,0
T06480,W0078,W0004,538435.12,2025-05-31 18:40:00,USD,0
T03674,W0014,W0043,564306.58,2025-05-31 14:56:00,FX,0
T08244,W0074,W0024,1134197.3,2025-05-31 08:50:29,USD,1
T05213,W0021,W0091,472289.34,2025-05-31 15:09:00,FX,0
T00698,W0088,W0029,429610.26,2025-05-31 09:18:00,USD,0
T04070,W0042,W0061,510293.53,2025-05-31 12:54:00,BOND,0
T07236,W0030,W0018,401117.95,2025-05-31 10:34:00,FX,0
T00454,W0027,W0012,612545.98,2025-05-31 16:40:00,USD,0
T01351,W0043,W0084,435651.15,2025-05-31 14:35:00,USD,0
T02453,W0079,W0026,387697.47,2025-05-31 16:17:00,USD,0
T02457,W0019,W0014,613599.18,2025-05-31 15:40:00,FX,0
T08703,W0030,W0006,940568.26,2025-05-31 06:50:29,FX,1
T02321,W0004,W0009,547949.57,2025-05-31 13:56:00,FX,0
T01302,W0084,W0097,579083.78,2025-05-31 11:52:00,BOND,0
T09135,W0034,W0022,1197460.29,2025-05-31 08:50:29,BOND,1
T03626,W0030,W0026,569817.08,2025-05-31 16:22:00,USD,0
T03715,W0020,W0073,429367.6,2025-05-31 12:02:00,FX,0
T08111,W0006,W0068,912803.16,2025-05-31 08:50:29,FX,1
T01124,W0035,W0071,486075.21,2025-05-31 14:20:00,FX,0
T05768,W0099,W0029,505672.16,2025-05-31 13:28:00,FX,0
T04803,W0091,W0051,535626.57,2025-05-31 18:43:00,FX,0
T04377,W0008,W0047,552670.81,2025-05-31 18:48:00,FX,0
T00007,W0089,W0086,338095.37,2025-05-31 11:30:00,BOND,0
T02537,W0041,W0026,568339.77,2025-05-31 16:48:00,USD,0
T03261,W0014,W0078,625699.99,2025-05-31 15:59:00,FX,0
T04156,W0010,W0038,614612.92,2025-05-31 12:04:00,USD,0
T03402,W0001,W0028,404292.57,2025-05-31 10:05:00,BOND,0
T08953,W0025,W0100,997850.89,2025-05-31 08:50:29,BOND,1
T09315,W0057,W0080,938389.39,2025-05-31 07:50:29,USD,1
T05601,W0073,W0016,279075.71,2025-05-31 14:46:00,USD,0
T04026,W0022,W0008,437416.86,2025-05-31 10:45:00,BOND,0
T02077,W0024,W0081,373353.7,2025-05-31 18:28:00,FX,0
T03638,W0044,W0005,624053.55,2025-05-31 11:18:00,BOND,0
T02940,W0072,W0018,495743.71,2025-05-31 11:03:00,BOND,0
T02665,W0061,W0059,494342.58,2025-05-31 13:11:00,USD,0
T02264,W0021,W0063,484630.2,2025-05-31 10:18:00,USD,0
T03958,W0045,W0100,421215.44,2025-05-31 15:14:00,FX,0
T01246,W0004,W0064,512130.09,2025-05-31 18:10:00,FX,0
T08995,W0008,W0009,991568.86,2025-05-31 06:50:29,FX,1
T05537,W0053,W0073,596638.59,2025-05-31 12:00:00,FX,0
T05817,W0061,W0037,549062.21,2025-05-31 10:44:00,USD,0
T07929,W0004,W0024,1128456.12,2025-05-31 06:50:29,USD,1
T00701,W0030,W0004,427663.07,2025-05-31 09:09:00,USD,0
T07985,W0055,W0018,908267.49,2025-05-31 07:50:29,FX,1
T08334,W0014,W0079,1057949.05,2025-05-31 08:50:29,USD,1
T06587,W0024,W0064,457833.05,2025-05-31 17:19:00,FX,0
T06841,W0034,W0075,543856.9,2025-05-31 10:15:00,FX,0
T02025,W0087,W0024,406505.73,2025-05-31 11:33:00,USD,0
T09787,W0027,W0018,1065587.3,2025-05-31 08:50:29,USD,1
T04519,W0075,W0065,482796.57,2025-05-31 13:08:00,FX,0
T05730,W0044,W0043,513115.45,2025-05-31 10:24:00,BOND,0
T09234,W0003,W0007,907529.78,2025-05-31 06:50:29,FX,1
T02349,W0063,W0037,467828.01,2025-05-31 16:55:00,BOND,0
T00033,W0097,W0062,572955.83,2025-05-31 15:15:00,BOND,0
T03418,W0010,W0040,520697.53,2025-05-31 10:24:00,BOND,0
T01631,W0066,W0043,442263.94,2025-05-31 15:44:00,FX,0
T05613,W0093,W0017,400221.52,2025-05-31 14:59:00,USD,0
T04249,W0008,W0096,431203.09,2025-05-31 18:28:00,FX,0
T07469,W0064,W0086,524285.81,2025-05-31 15:45:00,BOND,0
T09653,W0081,W0077,1052852.59,2025-05-31 07:50:29,FX,1
T01520,W0071,W0031,586544.69,2025-05-31 11:24:00,FX,0
T09095,W0049,W0005,907018.18,2025-05-31 06:50:29,FX,1
T00763,W0072,W0069,454529.72,2025-05-31 12:34:00,USD,0
T01090,W0017,W0092,551421.6,2025-05-31 09:32:00,BOND,0
T00119,W0018,W0003,519314.11,2025-05-31 18:49:00,BOND,0
T02626,W0072,W0059,571963.05,2025-05-31 15:15:00,USD,0
T05905,W0001,W0042,542575.15,2025-05-31 14:51:00,BOND,0
T04354,W0023,W0079,475884.55,2025-05-31 14:48:00,BOND,0
T02978,W0041,W0050,544679.24,2025-05-31 18:30:00,USD,0
T09911,W0085,W0074,978158.89,2025-05-31 07:50:29,BOND,1
T03558,W0044,W0004,525531.63,2025-05-31 13:38:00,BOND,0
T07069,W0024,W0092,499839.88,2025-05-31 11:30:00,FX,0
T03222,W0025,W0037,605162.71,2025-05-31 15:57:00,FX,0
T08949,W0034,W0009,901691.85,2025-05-31 08:50:29,USD,1
T07754,W0099,W0048,1041957.66,2025-05-31 08:50:29,FX,1
T06106,W0021,W0026,376129.5,2025-05-31 17:14:00,BOND,0
T04408,W0030,W0049,561099.47,2025-05-31 12:57:00,USD,0
T00918,W0098,W0049,545205.53,2025-05-31 09:28:00,BOND,0
T03994,W0023,W0030,499161.66,2025-05-31 16:30:00,FX,0
T02397,W0093,W0036,491292.46,2025-05-31 12:43:00,BOND,0
T09090,W0094,W0049,1078511.25,2025-05-31 08:50:29,BOND,1
T03130,W0018,W0064,504778.83,2025-05-31 16:29:00,USD,0
T06665,W0092,W0100,501000.5,2025-05-31 18:17:00,BOND,0
T01861,W0098,W0005,353764.79,2025-05-31 16:57:00,BOND,0
T06967,W0008,W0034,523937.82,2025-05-31 09:46:00,BOND,0
T08160,W0060,W0011,967342.29,2025-05-31 08:50:29,FX,1
T03178,W0100,W0014,626978.11,2025-05-31 11:57:00,USD,0
T03289,W0019,W0032,543132.07,2025-05-31 14:57:00,FX,0
T00202,W0095,W0015,669630.53,2025-05-31 15:42:00,USD,0
T00731,W0038,W0095,589507.83,2025-05-31 15:43:00,USD,0
T06583,W0019,W0076,521375.92,2025-05-31 15:22:00,BOND,0
T04458,W0019,W0063,370577.41,2025-05-31 15:46:00,USD,0
T07995,W0054,W0064,1001100.32,2025-05-31 08:50:29,BOND,1
T07608,W0038,W0002,556037.13,2025-05-31 09:01:00,USD,0
T04505,W0001,W0063,567346.36,2025-05-31 13:27:00,USD,0
T05438,W0054,W0028,404250.82,2025-05-31 14:46:00,USD,0
T09406,W0001,W0050,904471.25,2025-05-31 07:50:29,USD,1
T01654,W0055,W0057,461042.68,2025-05-31 10:26:00,USD,0
T00977,W0041,W0031,423145.83,2025-05-31 11:07:00,FX,0
T08718,W0041,W0057,1137545.12,2025-05-31 08:50:29,FX,1
T06872,W0026,W0065,479514.07,2025-05-31 15:48:00,BOND,0
T04440,W0044,W0023,637066.71,2025-05-31 14:54:00,FX,0
T02239,W0066,W0019,527292.09,2025-05-31 18:35:00,USD,0
T08303,W0009,W0066,1005847.58,2025-05-31 06:50:29,USD,1
T08232,W0061,W0023,1094939.84,2025-05-31 08:50:29,FX,1
T03012,W0075,W0048,492883.26,2025-05-31 15:16:00,BOND,0
T00730,W0069,W0094,379927.6,2025-05-31 18:04:00,BOND,0
T03213,W0027,W0080,506827.97,2025-05-31 12:42:00,BOND,0
T01282,W0091,W0069,501829.37,2025-05-31 10:23:00,USD,0
T00401,W0012,W0085,449379.35,2025-05-31 11:35:00,BOND,0
T05429,W0035,W0088,572316.79,2025-05-31 12:05:00,BOND,0
T01557,W0058,W0071,432828.9,2025-05-31 14:18:00,FX,0
T06388,W0023,W0071,413617.3,2025-05-31 14:12:00,FX,0
T08257,W0045,W0024,1064878.86,2025-05-31 07:50:29,FX,1
T01773,W0032,W0095,600277.36,2025-05-31 09:05:00,USD,0
T09278,W0076,W0077,1027643.05,2025-05-31 07:50:29,USD,1
T01960,W0037,W0086,440015.79,2025-05-31 11:52:00,FX,0
T00175,W0088,W0019,457449.22,2025-05-31 09:44:00,USD,0
T05862,W0014,W0011,629259.83,2025-05-31 16:52:00,USD,0
T08702,W0048,W0052,908496.62,2025-05-31 06:50:29,USD,1
T01595,W0003,W0033,553941.93,2025-05-31 09:33:00,FX,0
T05174,W0001,W0010,509418.56,2025-05-31 09:38:00,BOND,0
T02326,W0086,W0081,542518.82,2025-05-31 12:10:00,USD,0
T03665,W0090,W0027,396832.36,2025-05-31 12:03:00,BOND,0
T02624,W0100,W0088,453813.81,2025-05-31 10:52:00,USD,0
T03792,W0082,W0027,362340.9,2025-05-31 09:21:00,USD,0
T09519,W0054,W0058,1197041.5,2025-05-31 08:50:29,USD,1
T05753,W0066,W0055,549406.62,2025-05-31 12:49:00,BOND,0
T01913,W0027,W0017,503407.89,2025-05-31 15:26:00,USD,0
T04445,W0048,W0076,496197.34,2025-05-31 11:41:00,BOND,0
T02825,W0081,W0088,512508.06,2025-05-31 11:10:00,FX,0
T08093,W0054,W0037,1090123.41,2025-05-31 06:50:29,USD,1
T00810,W0038,W0010,573096.26,2025-05-31 13:19:00,USD,0
T07074,W0069,W0005,476736.81,2025-05-31 10:44:00,FX,0
T00006,W0055,W0008,590318.79,2025-05-31 14:43:00,BOND,0
T00987,W0018,W0064,348624.92,2025-05-31 11:18:00,BOND,0
T02460,W0027,W0089,473041.16,2025-05-31 14:06:00,FX,0
T00329,W0007,W0041,544366.51,2025-05-31 14:55:00,USD,0
T06056,W0054,W0049,588075.61,2025-05-31 14:01:00,USD,0
T06363,W0089,W0010,300938.71,2025-05-31 09:21:00,FX,0
T00502,W0014,W0009,570223.92,2025-05-31 09:29:00,FX,0
T04569,W0027,W0081,490020.14,2025-05-31 13:27:00,USD,0
T03468,W0016,W0059,523487.92,2025-05-31 11:35:00,BOND,0
T04985,W0040,W0066,493016.19,2025-05-31 12:21:00,BOND,0
T03238,W0040,W0066,571622.57,2025-05-31 13:13:00,BOND,0
T01864,W0056,W0011,424312.62,2025-05-31 17:02:00,USD,0
T09704,W0013,W0081,994728.83,2025-05-31 07:50:29,USD,1
T00515,W0062,W0061,519240.3,2025-05-31 18:28:00,FX,0
T08140,W0034,W0008,1067347.94,2025-05-31 07:50:29,FX,1
T02147,W0058,W0015,409362.48,2025-05-31 12:59:00,FX,0
T09046,W0066,W0003,1138147.94,2025-05-31 07:50:29,USD,1
T01742,W0089,W0014,336195.85,2025-05-31 16:51:00,FX,0
T01552,W0092,W0060,495317.24,2025-05-31 16:21:00,FX,0
T03343,W0048,W0023,368273.5,2025-05-31 11:44:00,BOND,0
T09395,W0021,W0024,953619.73,2025-05-31 08:50:29,USD,1
T05058,W0019,W0069,500168.48,2025-05-31 13:18:00,USD,0
T05827,W0077,W0099,487885.34,2025-05-31 15:29:00,USD,0
T02571,W0065,W0073,642401.3,2025-05-31 10:01:00,USD,0
T05721,W0097,W0082,250835.65,2025-05-31 18:30:00,BOND,0
T06198,W0090,W0047,376398.03,2025-05-31 16:23:00,USD,0
T04917,W0047,W0043,519654.33,2025-05-31 14:29:00,BOND,0
T05594,W0060,W0024,549111.33,2025-05-31 13:45:00,BOND,0
T05758,W0061,W0002,320261.15,2025-05-31 11:47:00,USD,0
T09525,W0056,W0072,932641.18,2025-05-31 06:50:29,FX,1
T03960,W0088,W0023,636127.4,2025-05-31 12:32:00,BOND,0
T05954,W0072,W0072,448496.02,2025-05-31 18:17:00,USD,0
T00935,W0007,W0011,533570.25,2025-05-31 16:36:00,FX,0
T06436,W0087,W0040,419459.32,2025-05-31 15:22:00,USD,0
T07628,W0050,W0096,482312.68,2025-05-31 11:13:00,BOND,0
T08942,W0062,W0006,910207.33,2025-05-31 08:50:29,FX,1
T08639,W0014,W0050,1146353.97,2025-05-31 07:50:29,FX,1
T08580,W0060,W0005,1043816.57,2025-05-31 06:50:29,USD,1
T05251,W0065,W0081,542319.73,2025-05-31 12:59:00,USD,0
T07022,W0019,W0018,582095.55,2025-05-31 17:32:00,BOND,0
T07926,W0094,W0033,903230.17,2025-05-31 06:50:29,USD,1
T09498,W0026,W0028,1117551.18,2025-05-31 08:50:29,USD,1
T05018,W0076,W0095,541137.84,2025-05-31 14:11:00,USD,0
T04437,W0099,W0010,487150.63,2025-05-31 12:01:00,FX,0
T06937,W0055,W0019,527013.6,2025-05-31 12:21:00,FX,0
T04455,W0086,W0084,546738.61,2025-05-31 15:28:00,BOND,0
T08122,W0038,W0017,978576.84,2025-05-31 06:50:29,BOND,1
T06143,W0036,W0026,547104.86,2025-05-31 18:41:00,USD,0
T06102,W0069,W0062,482755.23,2025-05-31 17:24:00,USD,0
T04074,W0065,W0091,710064.06,2025-05-31 10:43:00,USD,0
T09208,W0077,W0077,941139.73,2025-05-31 07:50:29,BOND,1
T07445,W0070,W0086,297548.26,2025-05-31 17:31:00,USD,0
T04294,W0082,W0088,490355.54,2025-05-31 17:54:00,USD,0
T06417,W0053,W0054,565696.0,2025-05-31 18:37:00,BOND,0
T03663,W0011,W0077,426100.15,2025-05-31 16:01:00,FX,0
T09043,W0078,W0086,1118891.36,2025-05-31 06:50:29,USD,1
T03789,W0013,W0039,374022.29,2025-05-31 10:49:00,BOND,0
T01940,W0024,W0097,543507.16,2025-05-31 16:43:00,BOND,0
T02636,W0070,W0005,431952.88,2025-05-31 11:33:00,FX,0
T05308,W0062,W0086,531743.68,2025-05-31 15:11:00,FX,0
T03871,W0040,W0008,317247.83,2025-05-31 12:23:00,BOND,0
T05825,W0072,W0057,589872.59,2025-05-31 15:57:00,USD,0
T05611,W0080,W0076,622359.61,2025-05-31 14:28:00,FX,0
T08420,W0013,W0027,939523.38,2025-05-31 07:50:29,USD,1
T01966,W0056,W0056,618567.97,2025-05-31 14:34:00,BOND,0
T02433,W0085,W0089,456973.93,2025-05-31 10:10:00,USD,0
T09224,W0098,W0042,1140510.6,2025-05-31 07:50:29,FX,1
T04143,W0047,W0037,487461.12,2025-05-31 09:12:00,BOND,0
T06110,W0024,W0007,418069.9,2025-05-31 09:21:00,USD,0
T05014,W0075,W0072,578316.69,2025-05-31 09:47:00,BOND,0
T07471,W0094,W0006,389457.58,2025-05-31 10:22:00,BOND,0
T07435,W0038,W0014,518428.63,2025-05-31 13:33:00,BOND,0
T09680,W0083,W0086,1156693.86,2025-05-31 07:50:29,FX,1
T06542,W0038,W0059,490727.16,2025-05-31 18:37:00,FX,0
T02583,W0038,W0036,534787.05,2025-05-31 18:55:00,BOND,0
T09930,W0005,W0083,1177321.99,2025-05-31 07:50:29,BOND,1
T01697,W0091,W0051,507932.84,2025-05-31 15:36:00,USD,0
T09332,W0077,W0078,1057670.99,2025-05-31 06:50:29,USD,1
T09022,W0047,W0055,931574.98,2025-05-31 08:50:29,BOND,1
T00603,W0083,W0046,428786.48,2025-05-31 18:40:00,FX,0
T09280,W0099,W0064,1139102.71,2025-05-31 06:50:29,FX,1
T04280,W0014,W0040,355358.82,2025-05-31 12:43:00,USD,0
T05455,W0022,W0043,403004.03,2025-05-31 16:08:00,FX,0
T01161,W0007,W0067,411039.0,2025-05-31 14:51:00,BOND,0
T04466,W0024,W0076,420299.01,2025-05-31 17:01:00,FX,0
T05894,W0088,W0070,601161.11,2025-05-31 18:19:00,FX,0
T05909,W0081,W0100,686106.23,2025-05-31 18:16:00,USD,0
T05931,W0047,W0065,433531.42,2025-05-31 17:32:00,BOND,0
T09801,W0099,W0034,1180628.04,2025-05-31 07:50:29,BOND,1
T01334,W0092,W0088,417839.59,2025-05-31 12:50:00,FX,0
T07721,W0001,W0082,1140627.14,2025-05-31 06:50:29,BOND,1
T00704,W0032,W0035,498328.72,2025-05-31 17:24:00,FX,0
T01767,W0015,W0093,601323.08,2025-05-31 18:22:00,BOND,0
T07173,W0100,W0003,446824.8,2025-05-31 17:47:00,FX,0
T00990,W0063,W0010,505391.92,2025-05-31 10:47:00,USD,0
T05378,W0076,W0067,500407.78,2025-05-31 18:55:00,BOND,0
T06215,W0039,W0077,741709.02,2025-05-31 12:14:00,FX,0
T00151,W0013,W0005,376219.74,2025-05-31 10:24:00,BOND,0
T01870,W0095,W0100,656543.87,2025-05-31 17:21:00,BOND,0
T09558,W0026,W0038,971541.24,2025-05-31 08:50:29,BOND,1
T07078,W0072,W0053,481084.9,2025-05-31 18:41:00,FX,0
T00691,W0012,W0036,529696.33,2025-05-31 17:46:00,USD,0
T08746,W0023,W0036,1053715.84,2025-05-31 07:50:29,FX,1
T03961,W0071,W0052,502171.08,2025-05-31 17:14:00,BOND,0
T00859,W0079,W0034,702259.44,2025-05-31 10:01:00,BOND,0
T00538,W0026,W0050,316979.64,2025-05-31 16:54:00,USD,0
T01878,W0037,W0054,412804.86,2025-05-31 17:33:00,FX,0
T00263,W0006,W0063,378659.26,2025-05-31 17:11:00,USD,0
T08342,W0066,W0077,941722.97,2025-05-31 06:50:29,FX,1
T03550,W0043,W0052,385036.47,2025-05-31 11:44:00,BOND,0
T02955,W0086,W0009,581542.35,2025-05-31 12:51:00,USD,0
T07283,W0024,W0036,589848.62,2025-05-31 16:42:00,FX,0
T06939,W0039,W0053,497679.96,2025-05-31 09:21:00,USD,0
T01069,W0015,W0007,488624.4,2025-05-31 12:58:00,FX,0
T07803,W0081,W0043,1087316.79,2025-05-31 08:50:29,USD,1
T04017,W0031,W0061,470164.24,2025-05-31 16:36:00,USD,0
T00860,W0005,W0038,346521.66,2025-05-31 12:32:00,FX,0
T09919,W0064,W0096,1190106.35,2025-05-31 08:50:29,USD,1
T03622,W0025,W0032,456025.97,2025-05-31 17:44:00,USD,0
T07889,W0032,W0083,1083367.8,2025-05-31 06:50:29,FX,1
T00297,W0089,W0056,465508.97,2025-05-31 10:50:00,BOND,0
T03800,W0083,W0090,459447.97,2025-05-31 09:27:00,BOND,0
T07109,W0058,W0096,513384.17,2025-05-31 10:27:00,FX,0
T03980,W0021,W0036,413331.26,2025-05-31 13:25:00,USD,0
T05478,W0016,W0058,565336.4,2025-05-31 09:38:00,USD,0
T05973,W0054,W0027,549405.81,2025-05-31 16:09:00,BOND,0
T00774,W0040,W0040,387701.75,2025-05-31 16:57:00,FX,0
T07823,W0094,W0058,1051532.44,2025-05-31 08:50:29,USD,1
T01934,W0036,W0076,378865.22,2025-05-31 17:43:00,USD,0
T09506,W0067,W0062,974687.72,2025-05-31 08:50:29,BOND,1
T01091,W0075,W0074,533797.59,2025-05-31 15:33:00,BOND,0
T04114,W0064,W0058,510388.4,2025-05-31 10:22:00,BOND,0
T06444,W0095,W0021,423018.74,2025-05-31 17:02:00,BOND,0
T04951,W0034,W0036,640335.5,2025-05-31 18:41:00,FX,0
T07305,W0036,W0099,594459.54,2025-05-31 10:27:00,USD,0
T08796,W0022,W0050,1168930.45,2025-05-31 06:50:29,USD,1
T01171,W0009,W0079,556184.89,2025-05-31 18:42:00,USD,0
T06016,W0088,W0041,502461.55,2025-05-31 18:26:00,FX,0
T05559,W0024,W0052,551010.28,2025-05-31 09:18:00,BOND,0
T08846,W0045,W0060,1015572.85,2025-05-31 06:50:29,BOND,1
T04638,W0070,W0040,416922.2,2025-05-31 18:39:00,BOND,0
T02476,W0093,W0083,501848.47,2025-05-31 18:08:00,USD,0
T06196,W0022,W0096,599320.29,2025-05-31 09:48:00,BOND,0
T00438,W0043,W0092,373983.86,2025-05-31 10:20:00,BOND,0
T06607,W0064,W0059,455423.52,2025-05-31 15:19:00,FX,0
T07591,W0035,W0042,481887.72,2025-05-31 09:15:00,USD,0
T02079,W0020,W0096,534414.64,2025-05-31 09:32:00,USD,0
T04422,W0082,W0053,631005.02,2025-05-31 15:36:00,FX,0
T00713,W0059,W0079,423474.39,2025-05-31 09:59:00,FX,0
T07787,W0045,W0027,905418.7,2025-05-31 08:50:29,BOND,1
T08206,W0034,W0010,953336.97,2025-05-31 07:50:29,USD,1
T02945,W0025,W0044,410816.68,2025-05-31 16:32:00,USD,0
T02103,W0071,W0041,573069.49,2025-05-31 11:45:00,USD,0
T05765,W0021,W0062,394965.77,2025-05-31 10:35:00,USD,0
T08026,W0094,W0052,1143296.56,2025-05-31 07:50:29,BOND,1
T06036,W0079,W0073,457050.89,2025-05-31 14:32:00,USD,0
T00910,W0091,W0036,548693.74,2025-05-31 13:58:00,BOND,0
T08810,W0023,W0020,959845.66,2025-05-31 08:50:29,BOND,1
T01465,W0062,W0010,412207.51,2025-05-31 17:28:00,BOND,0
T08532,W0024,W0024,1110274.76,2025-05-31 07:50:29,BOND,1
T01625,W0001,W0032,463171.89,2025-05-31 16:16:00,FX,0
T01376,W0092,W0094,449238.04,2025-05-31 14:57:00,FX,0
T04496,W0068,W0004,439220.95,2025-05-31 13:40:00,USD,0
T05423,W0065,W0094,584617.44,2025-05-31 17:59:00,FX,0
T06947,W0094,W0020,365689.27,2025-05-31 16:38:00,BOND,0
T07297,W0005,W0061,514935.91,2025-05-31 16:17:00,USD,0
T00570,W0033,W0074,363250.95,2025-05-31 11:43:00,USD,0
T07930,W0081,W0088,1016642.79,2025-05-31 08:50:29,USD,1
T01381,W0086,W0053,569030.74,2025-05-31 09:05:00,FX,0
T00877,W0056,W0096,402275.88,2025-05-31 15:39:00,BOND,0
T01104,W0004,W0064,425875.81,2025-05-31 16:56:00,USD,0
T05409,W0043,W0007,508046.87,2025-05-31 17:05:00,BOND,0
T03432,W0073,W0097,540258.43,2025-05-31 10:54:00,USD,0
T05066,W0035,W0082,523166.53,2025-05-31 11:02:00,BOND,0
T00027,W0021,W0014,678038.91,2025-05-31 18:10:00,FX,0
T00139,W0005,W0075,476197.8,2025-05-31 13:59:00,USD,0
T03721,W0012,W0083,549251.54,2025-05-31 10:42:00,FX,0
T02075,W0074,W0055,602807.24,2025-05-31 18:00:00,FX,0
T04939,W0012,W0051,481276.21,2025-05-31 18:19:00,USD,0
T01525,W0019,W0044,415892.42,2025-05-31 12:28:00,BOND,0
T05244,W0022,W0035,542851.72,2025-05-31 16:45:00,USD,0
T01750,W0023,W0048,462287.61,2025-05-31 10:20:00,FX,0
T01175,W0045,W0045,607202.02,2025-05-31 16:13:00,BOND,0
T08613,W0039,W0081,1052674.53,2025-05-31 08:50:29,BOND,1
T06481,W0074,W0058,583621.36,2025-05-31 16:16:00,BOND,0
T04667,W0038,W0060,450718.21,2025-05-31 11:13:00,BOND,0
T06803,W0015,W0084,356813.39,2025-05-31 10:52:00,USD,0
T03711,W0011,W0023,444511.87,2025-05-31 10:54:00,BOND,0
T07257,W0046,W0026,472935.63,2025-05-31 11:54:00,USD,0
T00087,W0063,W0047,484341.12,2025-05-31 17:33:00,USD,0
T09085,W0083,W0057,1197780.4,2025-05-31 08:50:29,USD,1
T00306,W0097,W0031,566415.89,2025-05-31 14:32:00,USD,0
T03579,W0049,W0066,363358.44,2025-05-31 13:03:00,FX,0
T02862,W0047,W0052,568332.6,2025-05-31 15:13:00,USD,0
T06408,W0041,W0013,527074.65,2025-05-31 11:10:00,USD,0
T09340,W0007,W0098,1003734.59,2025-05-31 06:50:29,USD,1
T08498,W0070,W0091,1168306.95,2025-05-31 08:50:29,BOND,1
T07505,W0009,W0068,551706.49,2025-05-31 11:48:00,USD,0
T07699,W0023,W0073,1115257.6,2025-05-31 08:50:29,BOND,1
T03755,W0089,W0015,494980.11,2025-05-31 17:17:00,BOND,0
T09346,W0001,W0078,1036182.45,2025-05-31 08:50:29,USD,1
T02572,W0044,W0042,471214.22,2025-05-31 16:13:00,BOND,0
T07517,W0094,W0011,617525.16,2025-05-31 18:03:00,FX,0
T06188,W0100,W0076,561928.66,2025-05-31 16:56:00,BOND,0
T06736,W0033,W0014,418895.82,2025-05-31 12:31:00,BOND,0
T09029,W0095,W0059,1071646.11,2025-05-31 07:50:29,USD,1
T08467,W0052,W0048,1069878.4,2025-05-31 06:50:29,FX,1
T04256,W0063,W0097,518299.71,2025-05-31 13:24:00,FX,0
T02672,W0055,W0048,564276.17,2025-05-31 18:48:00,BOND,0
T04012,W0061,W0097,600718.37,2025-05-31 16:32:00,FX,0
T02387,W0009,W0053,431317.34,2025-05-31 15:42:00,FX,0
T08428,W0055,W0098,1063422.77,2025-05-31 08:50:29,BOND,1
T09062,W0092,W0006,1003575.18,2025-05-31 08:50:29,FX,1
T04327,W0040,W0094,477977.53,2025-05-31 18:02:00,USD,0
T03330,W0061,W0052,552553.6,2025-05-31 09:37:00,BOND,0
T09533,W0056,W0099,1043395.01,2025-05-31 07:50:29,FX,1
T06953,W0061,W0044,475555.68,2025-05-31 09:34:00,BOND,0
T07690,W0066,W0074,1107677.89,2025-05-31 07:50:29,FX,1
T06334,W0031,W0022,496659.55,2025-05-31 09:35:00,BOND,0
T00514,W0062,W0062,383859.62,2025-05-31 18:01:00,USD,0
T03144,W0060,W0011,561680.95,2025-05-31 15:26:00,FX,0
T01505,W0037,W0050,425740.17,2025-05-31 10:01:00,USD,0
T01377,W0014,W0003,611499.97,2025-05-31 12:37:00,USD,0
T03096,W0021,W0048,456748.8,2025-05-31 13:22:00,USD,0
T09986,W0088,W0076,920676.85,2025-05-31 06:50:29,BOND,1
T03981,W0058,W0048,508242.97,2025-05-31 17:35:00,FX,0
T07886,W0009,W0089,1154476.14,2025-05-31 08:50:29,USD,1
T01109,W0015,W0054,425236.7,2025-05-31 09:45:00,BOND,0
T05233,W0016,W0010,396805.76,2025-05-31 09:57:00,FX,0
T02872,W0046,W0052,577253.14,2025-05-31 17:12:00,BOND,0
T01187,W0069,W0051,701206.97,2025-05-31 17:29:00,USD,0
T05754,W0096,W0054,604289.38,2025-05-31 14:35:00,BOND,0
T05484,W0081,W0006,386724.3,2025-05-31 18:39:00,USD,0
T06246,W0055,W0005,670059.11,2025-05-31 10:41:00,FX,0
T07814,W0078,W0098,1170439.59,2025-05-31 07:50:29,BOND,1
T05325,W0097,W0046,466548.0,2025-05-31 10:45:00,USD,0
T06620,W0100,W0008,548334.64,2025-05-31 17:58:00,FX,0
T02222,W0081,W0047,579559.04,2025-05-31 15:48:00,FX,0
T09888,W0085,W0047,1106799.14,2025-05-31 08:50:29,FX,1
T04820,W0034,W0038,660317.24,2025-05-31 11:43:00,BOND,0
T03505,W0038,W0053,573860.31,2025-05-31 12:08:00,BOND,0
T07470,W0010,W0049,423351.61,2025-05-31 14:39:00,FX,0
T08958,W0057,W0099,1151803.87,2025-05-31 08:50:29,BOND,1
T03094,W0008,W0054,494654.29,2025-05-31 16:01:00,FX,0
T03814,W0079,W0094,615982.11,2025-05-31 18:23:00,BOND,0
T01108,W0073,W0087,502579.26,2025-05-31 14:45:00,USD,0
T01516,W0074,W0013,462824.14,2025-05-31 11:40:00,BOND,0
T06093,W0091,W0038,442423.08,2025-05-31 14:50:00,FX,0
T06236,W0055,W0080,393049.21,2025-05-31 14:36:00,USD,0
T06928,W0042,W0062,514120.65,2025-05-31 16:27:00,BOND,0
T04276,W0040,W0064,433728.04,2025-05-31 16:25:00,BOND,0
T07617,W0024,W0024,563731.11,2025-05-31 15:55:00,FX,0
T06141,W0008,W0065,513298.5,2025-05-31 13:32:00,USD,0
T02810,W0071,W0036,530979.75,2025-05-31 09:35:00,USD,0
T08098,W0062,W0064,1150714.43,2025-05-31 08:50:29,USD,1
T07168,W0047,W0093,592048.49,2025-05-31 12:34:00,FX,0
T06452,W0070,W0086,522063.7,2025-05-31 09:33:00,FX,0
T01479,W0051,W0047,593096.86,2025-05-31 12:56:00,FX,0
T06800,W0038,W0002,557332.87,2025-05-31 12:36:00,BOND,0
T02497,W0095,W0069,576092.07,2025-05-31 16:52:00,FX,0
T09052,W0005,W0046,918695.81,2025-05-31 07:50:29,USD,1
T07570,W0086,W0042,459268.41,2025-05-31 10:05:00,BOND,0
T09096,W0022,W0017,955974.38,2025-05-31 06:50:29,USD,1
T00638,W0026,W0032,467951.33,2025-05-31 10:08:00,FX,0
T07960,W0029,W0025,1060379.37,2025-05-31 08:50:29,FX,1
T09084,W0069,W0004,987963.6,2025-05-31 07:50:29,USD,1
T05363,W0054,W0080,549727.73,2025-05-31 14:37:00,FX,0
T06744,W0025,W0069,460909.53,2025-05-31 15:15:00,FX,0
T04867,W0007,W0074,447124.31,2025-05-31 16:11:00,USD,0
T05801,W0027,W0033,569827.06,2025-05-31 15:00:00,FX,0
T08884,W0062,W0050,1051671.4,2025-05-31 08:50:29,FX,1
T09677,W0015,W0060,1117693.98,2025-05-31 06:50:29,FX,1
T09069,W0091,W0082,1133773.13,2025-05-31 07:50:29,USD,1
T06609,W0058,W0017,511125.05,2025-05-31 10:38:00,FX,0
T07150,W0094,W0083,559920.23,2025-05-31 11:07:00,USD,0
T03367,W0071,W0085,486514.97,2025-05-31 16:12:00,BOND,0
T01159,W0041,W0053,403005.29,2025-05-31 18:33:00,USD,0
T00745,W0025,W0061,580808.04,2025-05-31 17:01:00,USD,0
T05059,W0033,W0079,500384.78,2025-05-31 15:47:00,USD,0
T05384,W0086,W0077,452153.53,2025-05-31 18:27:00,USD,0
T03221,W0051,W0044,631875.78,2025-05-31 09:35:00,BOND,0
T05447,W0060,W0058,406538.28,2025-05-31 09:39:00,BOND,0
T06228,W0061,W0036,541949.74,2025-05-31 14:21:00,USD,0
T06086,W0045,W0056,393447.85,2025-05-31 13:42:00,FX,0
T08258,W0058,W0006,1147895.58,2025-05-31 06:50:29,FX,1
T05366,W0028,W0003,499439.02,2025-05-31 17:57:00,FX,0
T01490,W0010,W0040,480579.0,2025-05-31 12:43:00,BOND,0
T06272,W0066,W0062,454751.33,2025-05-31 14:27:00,BOND,0
T00721,W0074,W0063,614529.34,2025-05-31 11:45:00,FX,0
T04740,W0056,W0021,385776.78,2025-05-31 11:02:00,BOND,0
T00766,W0009,W0092,547218.31,2025-05-31 09:52:00,BOND,0
T07227,W0067,W0008,504654.78,2025-05-31 12:42:00,FX,0
T04313,W0088,W0032,482318.9,2025-05-31 18:21:00,USD,0
T09000,W0012,W0028,1150618.73,2025-05-31 06:50:29,USD,1
T06027,W0092,W0042,636730.22,2025-05-31 09:18:00,USD,0
T06373,W0099,W0079,294599.8,2025-05-31 16:35:00,USD,0
T00106,W0020,W0064,498201.71,2025-05-31 13:28:00,FX,0
T03741,W0040,W0045,478497.18,2025-05-31 18:00:00,USD,0
T00792,W0058,W0050,621440.32,2025-05-31 18:05:00,BOND,0
T08000,W0077,W0028,1026076.01,2025-05-31 08:50:29,FX,1
T03766,W0001,W0031,540961.41,2025-05-31 12:35:00,USD,0
T03662,W0040,W0008,402291.88,2025-05-31 14:43:00,BOND,0
T00623,W0027,W0047,566733.16,2025-05-31 13:38:00,BOND,0
T05292,W0083,W0023,512351.32,2025-05-31 11:16:00,BOND,0
T00103,W0021,W0073,548399.1,2025-05-31 18:01:00,BOND,0
T09778,W0010,W0090,1074020.19,2025-05-31 08:50:29,BOND,1
T09319,W0067,W0030,916264.83,2025-05-31 07:50:29,FX,1
T08301,W0030,W0020,1160779.46,2025-05-31 06:50:29,BOND,1
T05139,W0034,W0053,423094.05,2025-05-31 17:21:00,BOND,0
T06116,W0050,W0025,523255.83,2025-05-31 13:46:00,USD,0
T04878,W0009,W0051,733661.96,2025-05-31 14:42:00,BOND,0
T06813,W0060,W0047,495513.78,2025-05-31 13:56:00,USD,0
T09802,W0017,W0035,941635.6,2025-05-31 06:50:29,USD,1
T05752,W0070,W0079,266375.52,2025-05-31 10:21:00,BOND,0
T03414,W0029,W0040,459598.06,2025-05-31 12:18:00,FX,0
T04417,W0058,W0096,501892.55,2025-05-31 13:44:00,FX,0
T05170,W0049,W0021,541179.49,2025-05-31 16:15:00,FX,0
T06200,W0037,W0100,538725.63,2025-05-31 15:29:00,USD,0
T09225,W0011,W0026,1018739.61,2025-05-31 06:50:29,FX,1
T02861,W0038,W0062,521491.2,2025-05-31 15:13:00,BOND,0
T09800,W0016,W0046,1154198.17,2025-05-31 07:50:29,BOND,1
T08842,W0002,W0059,950329.72,2025-05-31 06:50:29,BOND,1
T01921,W0050,W0098,516506.21,2025-05-31 12:52:00,USD,0
T04131,W0023,W0073,588444.53,2025-05-31 11:17:00,USD,0
T04534,W0034,W0078,546904.06,2025-05-31 11:58:00,BOND,0
T05864,W0033,W0070,621343.99,2025-05-31 11:05:00,USD,0
T06863,W0075,W0005,462180.38,2025-05-31 18:29:00,BOND,0
T05371,W0024,W0020,595373.63,2025-05-31 14:08:00,BOND,0
T01447,W0020,W0090,551564.82,2025-05-31 16:53:00,BOND,0
T06288,W0016,W0007,461724.24,2025-05-31 14:33:00,USD,0
T05354,W0019,W0005,656146.99,2025-05-31 15:58:00,FX,0
T01283,W0027,W0088,488139.84,2025-05-31 15:20:00,BOND,0
T06733,W0081,W0009,470099.16,2025-05-31 10:09:00,BOND,0
T05587,W0092,W0076,519418.38,2025-05-31 13:45:00,FX,0
T05415,W0023,W0059,618743.47,2025-05-31 09:38:00,USD,0
T05101,W0053,W0059,592996.58,2025-05-31 11:39:00,FX,0
T03862,W0017,W0055,557535.22,2025-05-31 15:16:00,USD,0
T02158,W0052,W0073,549937.65,2025-05-31 11:11:00,USD,0
T00353,W0015,W0067,411643.25,2025-05-31 18:16:00,USD,0
T07180,W0070,W0047,514001.43,2025-05-31 13:14:00,USD,0
T06859,W0058,W0017,587003.06,2025-05-31 16:06:00,USD,0
T09691,W0041,W0026,969424.39,2025-05-31 08:50:29,BOND,1
T00265,W0049,W0072,665839.06,2025-05-31 10:40:00,FX,0
T07226,W0032,W0066,432655.07,2025-05-31 17:45:00,BOND,0
T05242,W0064,W0016,569630.24,2025-05-31 15:02:00,FX,0
T00223,W0043,W0068,516932.07,2025-05-31 09:04:00,FX,0
T05248,W0002,W0099,456791.36,2025-05-31 14:38:00,FX,0
T01366,W0028,W0017,416813.97,2025-05-31 14:48:00,BOND,0
T08915,W0094,W0050,1183385.51,2025-05-31 08:50:29,FX,1
T05111,W0005,W0010,613795.15,2025-05-31 17:41:00,USD,0
T01004,W0061,W0017,455177.59,2025-05-31 17:02:00,USD,0
T04007,W0094,W0055,544039.97,2025-05-31 16:21:00,BOND,0
T03880,W0074,W0039,462127.86,2025-05-31 11:43:00,BOND,0
T02341,W0005,W0043,571812.35,2025-05-31 17:00:00,USD,0
T05296,W0046,W0011,497395.79,2025-05-31 17:29:00,BOND,0
T04148,W0041,W0002,462471.06,2025-05-31 16:17:00,BOND,0
T03965,W0075,W0024,583249.29,2025-05-31 18:31:00,FX,0
T05399,W0011,W0056,567041.01,2025-05-31 15:24:00,BOND,0
T05273,W0082,W0062,704152.89,2025-05-31 09:43:00,BOND,0
T07594,W0060,W0085,516380.09,2025-05-31 16:27:00,USD,0
T06383,W0037,W0050,647123.25,2025-05-31 10:36:00,BOND,0
T04485,W0062,W0062,423144.96,2025-05-31 13:07:00,BOND,0
T06290,W0024,W0064,669728.39,2025-05-31 16:17:00,USD,0
T00616,W0078,W0085,506391.67,2025-05-31 18:40:00,BOND,0
T05375,W0085,W0027,433082.33,2025-05-31 15:58:00,BOND,0
T07817,W0082,W0050,1148864.0,2025-05-31 06:50:29,FX,1
T08099,W0028,W0079,929120.05,2025-05-31 06:50:29,BOND,1
T04398,W0098,W0002,497471.76,2025-05-31 17:00:00,USD,0
T03148,W0015,W0076,527457.6,2025-05-31 11:00:00,BOND,0
T09452,W0063,W0034,920990.98,2025-05-31 06:50:29,BOND,1
T01780,W0074,W0089,364083.89,2025-05-31 18:12:00,USD,0
T08063,W0075,W0040,1157973.38,2025-05-31 08:50:29,USD,1
T09501,W0048,W0072,1186304.75,2025-05-31 06:50:29,USD,1
T09692,W0025,W0092,999583.56,2025-05-31 07:50:29,USD,1
T05323,W0069,W0011,676672.61,2025-05-31 10:54:00,USD,0
T05362,W0005,W0025,747671.81,2025-05-31 13:23:00,BOND,0
T00179,W0067,W0088,484062.24,2025-05-31 13:24:00,BOND,0
T04881,W0098,W0035,448844.32,2025-05-31 13:40:00,FX,0
T08367,W0059,W0036,1102356.16,2025-05-31 08:50:29,FX,1
T06576,W0031,W0023,568955.38,2025-05-31 18:40:00,FX,0
T09711,W0052,W0033,1042612.86,2025-05-31 08:50:29,BOND,1
T09402,W0064,W0020,1137246.9,2025-05-31 06:50:29,BOND,1
T08425,W0057,W0084,1104041.23,2025-05-31 08:50:29,BOND,1
T01686,W0018,W0069,310241.61,2025-05-31 13:08:00,FX,0
T00960,W0003,W0009,437383.69,2025-05-31 11:59:00,BOND,0
T04804,W0057,W0069,529339.72,2025-05-31 15:13:00,USD,0
T09397,W0087,W0043,1032054.04,2025-05-31 07:50:29,USD,1
T01915,W0054,W0064,559163.92,2025-05-31 12:30:00,FX,0
T08363,W0069,W0062,1069946.86,2025-05-31 08:50:29,USD,1
T03676,W0100,W0065,496290.98,2025-05-31 12:55:00,USD,0
T05283,W0053,W0060,510161.82,2025-05-31 10:08:00,BOND,0
T03191,W0076,W0041,245108.93,2025-05-31 09:22:00,USD,0
T02303,W0010,W0080,541385.8,2025-05-31 13:53:00,BOND,0
T03752,W0056,W0052,479167.08,2025-05-31 09:48:00,USD,0
T09799,W0072,W0007,943660.12,2025-05-31 07:50:29,BOND,1
T05143,W0045,W0009,652738.79,2025-05-31 18:53:00,USD,0
T03471,W0090,W0003,495769.5,2025-05-31 11:30:00,USD,0
T09038,W0053,W0041,1175629.67,2025-05-31 07:50:29,BOND,1
T08233,W0036,W0014,1067543.3,2025-05-31 08:50:29,USD,1
T05887,W0044,W0085,308837.11,2025-05-31 11:27:00,USD,0
T08173,W0054,W0083,1171777.43,2025-05-31 08:50:29,FX,1
T03784,W0049,W0052,490190.39,2025-05-31 16:16:00,FX,0
T00983,W0005,W0032,487702.85,2025-05-31 09:29:00,BOND,0
T01450,W0079,W0078,484067.96,2025-05-31 09:22:00,USD,0
T09436,W0050,W0045,1088194.93,2025-05-31 08:50:29,BOND,1
T08875,W0054,W0085,1184503.71,2025-05-31 08:50:29,FX,1
T06475,W0019,W0089,480018.05,2025-05-31 17:43:00,FX,0
T04738,W0092,W0063,604912.27,2025-05-31 13:35:00,USD,0
T07329,W0068,W0047,630789.73,2025-05-31 18:49:00,FX,0
T06910,W0010,W0088,429832.78,2025-05-31 16:16:00,USD,0
T05978,W0090,W0013,405542.26,2025-05-31 10:46:00,USD,0
T04618,W0033,W0076,472942.37,2025-05-31 11:16:00,USD,0
T03072,W0021,W0071,565694.23,2025-05-31 16:17:00,FX,0
T06801,W0099,W0074,488567.64,2025-05-31 12:47:00,FX,0
T01724,W0012,W0022,392850.46,2025-05-31 12:03:00,USD,0
T00123,W0063,W0012,499341.63,2025-05-31 14:02:00,BOND,0
T01047,W0078,W0040,468379.01,2025-05-31 18:57:00,FX,0
T04957,W0076,W0049,525088.19,2025-05-31 11:53:00,BOND,0
T00522,W0068,W0042,580948.1,2025-05-31 11:14:00,FX,0
T01464,W0003,W0016,553813.3,2025-05-31 13:14:00,FX,0
T00569,W0024,W0100,612031.42,2025-05-31 17:35:00,BOND,0
T00861,W0086,W0100,676363.27,2025-05-31 17:43:00,BOND,0
T02925,W0015,W0032,473818.38,2025-05-31 18:58:00,FX,0
T06038,W0003,W0098,508456.09,2025-05-31 16:53:00,BOND,0
T08821,W0052,W0095,1157156.06,2025-05-31 08:50:29,BOND,1
T06211,W0064,W0048,472482.54,2025-05-31 14:20:00,USD,0
T08166,W0056,W0095,1043776.16,2025-05-31 08:50:29,BOND,1
T07319,W0043,W0035,500329.24,2025-05-31 16:54:00,BOND,0
T00944,W0018,W0034,578525.5,2025-05-31 11:40:00,BOND,0
T03475,W0039,W0009,337458.52,2025-05-31 11:25:00,FX,0
T05689,W0083,W0079,395478.46,2025-05-31 17:12:00,FX,0
T07312,W0034,W0016,480149.37,2025-05-31 12:06:00,USD,0
T05212,W0032,W0100,525513.58,2025-05-31 12:19:00,BOND,0
T06472,W0019,W0055,457237.11,2025-05-31 09:50:00,BOND,0
T06330,W0079,W0097,464311.93,2025-05-31 18:11:00,FX,0
T08758,W0041,W0028,1113936.32,2025-05-31 07:50:29,FX,1
T09275,W0079,W0019,952810.69,2025-05-31 07:50:29,USD,1
T06349,W0018,W0035,611698.64,2025-05-31 10:24:00,FX,0
T04323,W0095,W0090,487622.05,2025-05-31 11:23:00,USD,0
T02431,W0066,W0048,439395.31,2025-05-31 18:45:00,USD,0
T02633,W0099,W0016,554239.66,2025-05-31 12:32:00,BOND,0
T02159,W0013,W0050,482371.77,2025-05-31 15:10:00,FX,0
T08812,W0097,W0051,1133007.26,2025-05-31 08:50:29,BOND,1
T00782,W0031,W0013,599992.2,2025-05-31 13:43:00,FX,0
T08012,W0072,W0087,1008380.51,2025-05-31 08:50:29,FX,1
T02902,W0006,W0089,473842.84,2025-05-31 13:57:00,BOND,0
T08843,W0016,W0017,1087366.08,2025-05-31 08:50:29,BOND,1
T08056,W0097,W0016,1093191.26,2025-05-31 08:50:29,USD,1
T01718,W0038,W0091,438142.71,2025-05-31 13:07:00,USD,0
T03431,W0034,W0079,622295.89,2025-05-31 14:41:00,BOND,0
T05383,W0053,W0074,489523.13,2025-05-31 11:41:00,USD,0
T04424,W0065,W0033,528971.79,2025-05-31 18:29:00,FX,0
T01337,W0066,W0030,431643.48,2025-05-31 12:44:00,USD,0
T09427,W0089,W0096,958578.98,2025-05-31 08:50:29,BOND,1
T05407,W0038,W0022,404092.42,2025-05-31 11:49:00,FX,0
T04155,W0072,W0078,515655.31,2025-05-31 18:42:00,BOND,0
T01838,W0061,W0035,554639.27,2025-05-31 16:22:00,BOND,0
T01775,W0095,W0061,563428.41,2025-05-31 17:52:00,FX,0
T07740,W0051,W0099,1028817.01,2025-05-31 06:50:29,USD,1
T07943,W0092,W0074,1083470.79,2025-05-31 06:50:29,USD,1
T03879,W0051,W0051,544292.73,2025-05-31 12:41:00,USD,0
T00794,W0053,W0100,486769.28,2025-05-31 17:25:00,BOND,0
T02493,W0053,W0096,502230.1,2025-05-31 15:43:00,BOND,0
T09962,W0077,W0058,927914.85,2025-05-31 07:50:29,FX,1
T03618,W0020,W0002,403358.37,2025-05-31 11:15:00,BOND,0
T09686,W0025,W0046,1029877.95,2025-05-31 08:50:29,USD,1
T05542,W0048,W0046,512785.04,2025-05-31 09:12:00,BOND,0
T01906,W0045,W0094,448861.96,2025-05-31 16:17:00,FX,0
T08027,W0008,W0097,958241.73,2025-05-31 06:50:29,BOND,1
T08124,W0002,W0064,956957.14,2025-05-31 06:50:29,FX,1
T01342,W0068,W0054,519595.41,2025-05-31 17:53:00,BOND,0
T07031,W0074,W0030,509545.72,2025-05-31 12:31:00,BOND,0
T06934,W0007,W0092,462936.28,2025-05-31 15:40:00,BOND,0
T00583,W0096,W0004,490717.0,2025-05-31 12:09:00,USD,0
T07579,W0013,W0099,518991.63,2025-05-31 14:11:00,USD,0
T00232,W0098,W0070,571225.58,2025-05-31 12:31:00,USD,0
T02701,W0045,W0048,456827.31,2025-05-31 14:03:00,FX,0
T06466,W0079,W0036,459553.73,2025-05-31 12:30:00,USD,0
T06270,W0019,W0024,465382.15,2025-05-31 16:31:00,BOND,0
T07108,W0023,W0029,546009.35,2025-05-31 11:53:00,FX,0
T04352,W0076,W0084,450971.86,2025-05-31 18:27:00,USD,0
T04453,W0038,W0061,557230.06,2025-05-31 16:49:00,USD,0
T07399,W0021,W0088,555145.37,2025-05-31 16:38:00,BOND,0
T03795,W0076,W0079,394586.17,2025-05-31 14:38:00,BOND,0
T07198,W0045,W0052,502261.44,2025-05-31 10:46:00,BOND,0
T01650,W0096,W0065,526845.78,2025-05-31 14:42:00,FX,0
T02270,W0060,W0040,598876.7,2025-05-31 18:03:00,BOND,0
T06943,W0091,W0082,468370.52,2025-05-31 17:31:00,USD,0
T05764,W0080,W0029,441641.32,2025-05-31 13:22:00,BOND,0
T04999,W0068,W0075,562183.0,2025-05-31 12:12:00,USD,0
T01395,W0044,W0096,635284.12,2025-05-31 12:05:00,BOND,0
T09735,W0017,W0069,1180322.58,2025-05-31 08:50:29,FX,1
T01902,W0022,W0016,596260.98,2025-05-31 16:50:00,USD,0
T00077,W0058,W0053,501545.65,2025-05-31 18:46:00,USD,0
T09756,W0016,W0064,1177017.14,2025-05-31 06:50:29,USD,1
T05606,W0087,W0019,681385.81,2025-05-31 11:52:00,BOND,0
T02817,W0048,W0084,462862.07,2025-05-31 12:00:00,FX,0
T06558,W0058,W0011,526559.19,2025-05-31 10:21:00,BOND,0
T08989,W0087,W0038,1003238.89,2025-05-31 06:50:29,USD,1
T03386,W0083,W0053,584257.42,2025-05-31 16:36:00,FX,0
T04142,W0012,W0054,454697.84,2025-05-31 11:35:00,BOND,0
T08246,W0012,W0060,980480.32,2025-05-31 08:50:29,BOND,1
T08384,W0095,W0060,1115925.43,2025-05-31 06:50:29,USD,1
T01587,W0002,W0034,606930.0,2025-05-31 15:01:00,BOND,0
T02118,W0097,W0043,586821.97,2025-05-31 11:57:00,FX,0
T01847,W0069,W0074,570228.95,2025-05-31 13:21:00,USD,0
T04535,W0001,W0070,357817.9,2025-05-31 17:22:00,FX,0
T07347,W0045,W0089,316867.73,2025-05-31 12:34:00,USD,0
T02875,W0020,W0070,599409.67,2025-05-31 09:18:00,BOND,0
T06166,W0067,W0077,432832.92,2025-05-31 17:15:00,USD,0
T07164,W0084,W0009,582095.04,2025-05-31 17:45:00,BOND,0
T00483,W0072,W0048,511421.54,2025-05-31 11:45:00,USD,0
T02505,W0043,W0065,452987.81,2025-05-31 18:12:00,BOND,0
T02469,W0074,W0009,484576.9,2025-05-31 14:58:00,BOND,0
T01453,W0028,W0069,503651.67,2025-05-31 14:09:00,USD,0
T02273,W0049,W0075,498998.37,2025-05-31 18:51:00,BOND,0
T05883,W0007,W0005,572382.13,2025-05-31 16:50:00,USD,0
T09968,W0067,W0081,936110.9,2025-05-31 07:50:29,USD,1
T09609,W0061,W0007,1082705.04,2025-05-31 08:50:29,FX,1
T04125,W0055,W0040,605608.82,2025-05-31 11:41:00,USD,0
T02141,W0076,W0020,421206.46,2025-05-31 12:54:00,FX,0
T03517,W0099,W0032,519481.89,2025-05-31 09:03:00,BOND,0
T02486,W0098,W0006,492764.03,2025-05-31 09:15:00,FX,0
T01235,W0038,W0030,572585.98,2025-05-31 10:53:00,FX,0
T01825,W0074,W0003,408556.67,2025-05-31 09:45:00,BOND,0
T05728,W0055,W0065,496413.82,2025-05-31 13:13:00,BOND,0
T07052,W0100,W0074,424525.98,2025-05-31 16:39:00,FX,0
T09204,W0077,W0006,1051265.13,2025-05-31 08:50:29,BOND,1
T05108,W0090,W0075,611023.93,2025-05-31 09:51:00,FX,0
T09487,W0004,W0075,1057071.69,2025-05-31 07:50:29,BOND,1
T06324,W0063,W0054,382990.17,2025-05-31 17:11:00,FX,0
T02203,W0026,W0030,402185.58,2025-05-31 13:18:00,FX,0
T05254,W0046,W0044,616918.35,2025-05-31 10:20:00,BOND,0
T06788,W0001,W0021,468644.68,2025-05-31 13:44:00,USD,0
T07324,W0055,W0059,576741.48,2025-05-31 09:56:00,FX,0
T07252,W0100,W0074,476010.6,2025-05-31 11:52:00,USD,0
T08888,W0019,W0020,993691.1,2025-05-31 07:50:29,FX,1
T08159,W0029,W0080,1019623.01,2025-05-31 06:50:29,BOND,1
T09033,W0067,W0083,1182250.48,2025-05-31 08:50:29,BOND,1
T06447,W0083,W0039,484090.62,2025-05-31 18:57:00,BOND,0
T07677,W0072,W0066,1148755.49,2025-05-31 06:50:29,FX,1
T08991,W0096,W0001,937044.93,2025-05-31 07:50:29,BOND,1
T04760,W0003,W0074,529616.58,2025-05-31 11:58:00,FX,0
T07860,W0031,W0018,945741.81,2025-05-31 06:50:29,BOND,1
T05154,W0031,W0032,453016.38,2025-05-31 11:20:00,FX,0
T02395,W0011,W0051,348651.2,2025-05-31 10:32:00,BOND,0
T08692,W0059,W0043,1033023.7,2025-05-31 08:50:29,FX,1
T04522,W0027,W0031,483753.43,2025-05-31 18:36:00,BOND,0
T05165,W0075,W0044,528165.84,2025-05-31 17:17:00,USD,0
T07429,W0096,W0034,450223.63,2025-05-31 10:46:00,FX,0
T08446,W0086,W0052,1033956.05,2025-05-31 07:50:29,FX,1
T04623,W0087,W0043,632359.27,2025-05-31 10:48:00,FX,0
T09082,W0083,W0068,1044671.25,2025-05-31 08:50:29,BOND,1
T03167,W0024,W0079,542471.78,2025-05-31 14:56:00,USD,0
T00434,W0085,W0072,577250.03,2025-05-31 14:43:00,USD,0
T04201,W0020,W0056,564174.88,2025-05-31 14:29:00,USD,0
T03750,W0083,W0057,467585.89,2025-05-31 18:51:00,USD,0
T04480,W0074,W0084,519736.42,2025-05-31 17:16:00,USD,0
T01116,W0065,W0036,429296.3,2025-05-31 10:50:00,USD,0
T09197,W0071,W0056,1116130.33,2025-05-31 07:50:29,USD,1
T02717,W0071,W0008,356455.87,2025-05-31 10:52:00,BOND,0
T01023,W0050,W0024,546773.98,2025-05-31 10:02:00,USD,0
T07566,W0022,W0045,545481.1,2025-05-31 10:19:00,BOND,0
T00417,W0034,W0019,567685.75,2025-05-31 17:33:00,FX,0
T08833,W0033,W0058,1085546.69,2025-05-31 08:50:29,BOND,1
T08666,W0013,W0059,1138847.84,2025-05-31 08:50:29,FX,1
T07237,W0022,W0025,519851.14,2025-05-31 09:15:00,USD,0
T07157,W0076,W0035,562360.3,2025-05-31 13:19:00,FX,0
T01297,W0003,W0083,395156.11,2025-05-31 15:12:00,FX,0
T02384,W0086,W0086,512832.84,2025-05-31 18:48:00,BOND,0
T03437,W0081,W0029,400862.83,2025-05-31 16:58:00,BOND,0
T02033,W0018,W0043,427154.82,2025-05-31 12:24:00,FX,0
T01390,W0070,W0018,617421.94,2025-05-31 10:58:00,BOND,0
T07862,W0056,W0061,1104266.83,2025-05-31 08:50:29,FX,1
T06974,W0055,W0061,700510.83,2025-05-31 18:24:00,USD,0
T01535,W0079,W0057,531347.38,2025-05-31 10:34:00,USD,0
T03216,W0036,W0081,588234.52,2025-05-31 15:33:00,FX,0
T01477,W0089,W0071,569315.12,2025-05-31 17:15:00,BOND,0
T05787,W0019,W0050,476342.25,2025-05-31 09:57:00,USD,0
T00740,W0025,W0067,475860.22,2025-05-31 12:13:00,FX,0
T01652,W0063,W0052,535631.36,2025-05-31 11:30:00,BOND,0
T09764,W0049,W0082,991730.23,2025-05-31 08:50:29,FX,1
T05755,W0018,W0076,483905.74,2025-05-31 09:05:00,BOND,0
T09291,W0038,W0061,1085439.81,2025-05-31 07:50:29,FX,1
T09162,W0022,W0064,1088878.93,2025-05-31 06:50:29,USD,1
T09227,W0027,W0058,939262.19,2025-05-31 06:50:29,USD,1
T02750,W0067,W0046,628879.23,2025-05-31 12:40:00,BOND,0
T02911,W0005,W0002,381341.41,2025-05-31 10:11:00,BOND,0
T05673,W0093,W0018,515001.81,2025-05-31 16:32:00,BOND,0
T05459,W0084,W0086,512739.99,2025-05-31 12:06:00,USD,0
T02961,W0009,W0026,569614.32,2025-05-31 18:42:00,USD,0
T05270,W0043,W0014,536349.99,2025-05-31 15:09:00,BOND,0
T07259,W0005,W0058,485068.32,2025-05-31 14:43:00,BOND,0
T08090,W0064,W0091,1087411.29,2025-05-31 08:50:29,USD,1
T00324,W0021,W0096,482239.08,2025-05-31 10:13:00,BOND,0
T02098,W0040,W0013,509148.58,2025-05-31 13:57:00,FX,0
T05955,W0094,W0013,476002.6,2025-05-31 15:20:00,BOND,0
T00129,W0094,W0055,434694.08,2025-05-31 10:08:00,USD,0
T00307,W0082,W0090,533458.39,2025-05-31 10:04:00,BOND,0
T08204,W0074,W0031,936606.05,2025-05-31 07:50:29,BOND,1
T05105,W0022,W0049,526239.8,2025-05-31 17:13:00,BOND,0
T00225,W0021,W0054,610505.8,2025-05-31 16:22:00,FX,0
T05016,W0051,W0051,520003.72,2025-05-31 17:36:00,USD,0
T03142,W0019,W0078,325460.2,2025-05-31 11:33:00,USD,0
T00628,W0007,W0002,498167.85,2025-05-31 16:36:00,FX,0
T05852,W0082,W0087,506285.35,2025-05-31 12:49:00,FX,0
T01327,W0099,W0067,344642.17,2025-05-31 12:34:00,BOND,0
T03804,W0010,W0083,554889.41,2025-05-31 13:20:00,BOND,0
T00053,W0053,W0018,470025.32,2025-05-31 11:43:00,USD,0
T02170,W0091,W0064,499575.37,2025-05-31 18:02:00,FX,0
T04085,W0014,W0064,491362.26,2025-05-31 09:36:00,BOND,0
T01343,W0044,W0034,366468.71,2025-05-31 14:20:00,FX,0
T08074,W0021,W0035,1033421.09,2025-05-31 07:50:29,FX,1
T02105,W0062,W0061,606241.67,2025-05-31 10:27:00,BOND,0
T09325,W0044,W0095,1168813.05,2025-05-31 08:50:29,BOND,1
T01759,W0013,W0052,409297.54,2025-05-31 18:39:00,USD,0
T01019,W0055,W0007,469736.39,2025-05-31 10:14:00,BOND,0
T07925,W0004,W0032,1126581.23,2025-05-31 07:50:29,FX,1
T07396,W0004,W0009,498375.51,2025-05-31 16:30:00,FX,0
T09555,W0011,W0038,1157692.06,2025-05-31 06:50:29,BOND,1
T04928,W0100,W0039,504802.46,2025-05-31 12:42:00,FX,0
T06495,W0031,W0033,431321.09,2025-05-31 13:45:00,BOND,0
T02475,W0087,W0061,429708.83,2025-05-31 18:12:00,BOND,0
T07140,W0024,W0069,502720.88,2025-05-31 13:54:00,FX,0
T09238,W0044,W0085,937545.01,2025-05-31 07:50:29,USD,1
T09466,W0002,W0092,1177854.62,2025-05-31 06:50:29,USD,1
T08523,W0041,W0060,1019997.38,2025-05-31 08:50:29,BOND,1
T08910,W0060,W0012,929643.37,2025-05-31 07:50:29,USD,1
T06795,W0084,W0060,483312.12,2025-05-31 15:34:00,BOND,0
T07487,W0076,W0038,589691.65,2025-05-31 15:53:00,BOND,0
T05915,W0047,W0083,345931.26,2025-05-31 09:52:00,FX,0
T00591,W0010,W0047,607393.76,2025-05-31 09:30:00,BOND,0
T07793,W0078,W0005,936400.11,2025-05-31 07:50:29,FX,1
T02163,W0013,W0040,430945.83,2025-05-31 13:55:00,BOND,0
T07661,W0074,W0089,919790.97,2025-05-31 08:50:29,BOND,1
T03640,W0086,W0039,469097.54,2025-05-31 12:47:00,BOND,0
T00666,W0055,W0067,535746.52,2025-05-31 16:26:00,BOND,0
T08207,W0020,W0018,976399.26,2025-05-31 06:50:29,BOND,1
T01605,W0056,W0067,417740.65,2025-05-31 17:28:00,BOND,0
T09246,W0015,W0034,946810.8,2025-05-31 08:50:29,FX,1
T03914,W0036,W0083,545041.43,2025-05-31 11:05:00,USD,0
T03479,W0032,W0073,629697.36,2025-05-31 17:11:00,FX,0
T05041,W0026,W0025,628990.25,2025-05-31 09:43:00,BOND,0
T06765,W0062,W0098,490595.48,2025-05-31 11:04:00,BOND,0
T03298,W0057,W0074,470998.96,2025-05-31 15:41:00,USD,0
T09463,W0083,W0089,1140196.28,2025-05-31 08:50:29,FX,1
T05964,W0087,W0071,480598.82,2025-05-31 11:26:00,BOND,0
T08919,W0004,W0060,1112031.76,2025-05-31 07:50:29,BOND,1
T03552,W0009,W0058,405017.93,2025-05-31 15:15:00,USD,0
T00834,W0009,W0056,620757.43,2025-05-31 13:57:00,FX,0
T00420,W0087,W0017,557999.34,2025-05-31 16:10:00,USD,0
T01173,W0018,W0027,330958.52,2025-05-31 11:36:00,USD,0
T03473,W0044,W0097,354995.69,2025-05-31 12:54:00,USD,0
T07363,W0043,W0042,730145.12,2025-05-31 10:12:00,BOND,0
T06764,W0013,W0018,422442.98,2025-05-31 09:32:00,BOND,0
T02496,W0064,W0039,364778.4,2025-05-31 11:36:00,FX,0
T02134,W0100,W0006,506409.99,2025-05-31 16:55:00,USD,0
T00941,W0047,W0024,512779.77,2025-05-31 10:44:00,FX,0
T05406,W0017,W0047,501399.44,2025-05-31 09:28:00,FX,0
T09831,W0099,W0064,933899.41,2025-05-31 07:50:29,BOND,1
T02503,W0029,W0010,581956.34,2025-05-31 13:30:00,BOND,0
T05463,W0075,W0021,467620.2,2025-05-31 14:47:00,USD,0
T03498,W0067,W0078,521601.57,2025-05-31 11:27:00,BOND,0
T04551,W0027,W0003,428050.35,2025-05-31 12:16:00,USD,0
T01800,W0035,W0062,413154.97,2025-05-31 14:42:00,BOND,0
T09568,W0074,W0092,1011429.78,2025-05-31 06:50:29,FX,1
T06279,W0082,W0049,608089.37,2025-05-31 18:20:00,USD,0
T04865,W0063,W0052,503896.36,2025-05-31 16:02:00,BOND,0
T06101,W0041,W0067,458308.5,2025-05-31 15:19:00,USD,0
T09019,W0093,W0080,910663.73,2025-05-31 06:50:29,FX,1
T08573,W0005,W0003,1016821.2,2025-05-31 06:50:29,USD,1
T08285,W0011,W0078,1048606.04,2025-05-31 08:50:29,USD,1
T05620,W0069,W0050,580046.42,2025-05-31 12:23:00,BOND,0
T05876,W0022,W0037,525431.0,2025-05-31 10:11:00,BOND,0
T04971,W0088,W0084,407410.56,2025-05-31 18:08:00,USD,0
T04526,W0030,W0096,390914.96,2025-05-31 11:20:00,BOND,0
T01968,W0059,W0065,406514.29,2025-05-31 15:09:00,FX,0
T07873,W0046,W0090,940198.27,2025-05-31 06:50:29,FX,1
T09151,W0018,W0053,1110657.54,2025-05-31 07:50:29,BOND,1
T08105,W0027,W0027,1148935.7,2025-05-31 06:50:29,FX,1
T08948,W0077,W0040,1094415.98,2025-05-31 07:50:29,USD,1
T08382,W0059,W0040,1087698.38,2025-05-31 08:50:29,USD,1
T04364,W0074,W0019,345061.74,2025-05-31 12:56:00,BOND,0
T06580,W0033,W0050,615965.77,2025-05-31 18:55:00,FX,0
T03925,W0096,W0035,371146.29,2025-05-31 14:15:00,USD,0
T08041,W0026,W0009,1149201.7,2025-05-31 07:50:29,USD,1
T04139,W0074,W0001,608350.53,2025-05-31 10:57:00,FX,0
T05002,W0056,W0030,566425.09,2025-05-31 14:52:00,FX,0
T06032,W0088,W0061,494984.89,2025-05-31 17:30:00,BOND,0
T07595,W0018,W0082,332477.69,2025-05-31 10:28:00,BOND,0
T07066,W0084,W0029,400570.07,2025-05-31 09:42:00,FX,0
T06463,W0014,W0025,424709.02,2025-05-31 11:47:00,FX,0
T02237,W0092,W0020,506298.67,2025-05-31 10:34:00,BOND,0
T08554,W0050,W0059,1048956.39,2025-05-31 06:50:29,BOND,1
T06657,W0089,W0059,589856.78,2025-05-31 17:45:00,BOND,0
T08123,W0043,W0086,1024056.23,2025-05-31 07:50:29,BOND,1
T04566,W0020,W0044,460287.2,2025-05-31 10:27:00,BOND,0
T04189,W0035,W0005,536980.6,2025-05-31 10:46:00,BOND,0
T05795,W0054,W0027,573783.62,2025-05-31 12:09:00,FX,0
T06655,W0069,W0081,623342.97,2025-05-31 09:36:00,BOND,0
T00088,W0023,W0035,491807.28,2025-05-31 18:50:00,BOND,0
T04545,W0015,W0098,439058.52,2025-05-31 15:29:00,FX,0
T04673,W0099,W0042,468725.64,2025-05-31 15:53:00,USD,0
T00003,W0013,W0100,431531.8,2025-05-31 13:25:00,FX,0
T09952,W0053,W0032,973857.91,2025-05-31 06:50:29,BOND,1
T09024,W0046,W0085,1149629.09,2025-05-31 06:50:29,BOND,1
T00887,W0056,W0039,428623.12,2025-05-31 18:38:00,FX,0
T01601,W0079,W0048,438397.15,2025-05-31 16:45:00,FX,0
T05319,W0039,W0027,709450.28,2025-05-31 18:52:00,FX,0
T09769,W0081,W0030,1173381.76,2025-05-31 07:50:29,USD,1
T04302,W0079,W0006,562963.51,2025-05-31 15:19:00,FX,0
T00761,W0037,W0086,358314.41,2025-05-31 18:45:00,USD,0
T05205,W0011,W0058,492990.45,2025-05-31 17:25:00,BOND,0
T05830,W0055,W0052,426526.27,2025-05-31 13:26:00,BOND,0
T02392,W0014,W0098,478235.23,2025-05-31 13:45:00,FX,0
T03928,W0020,W0046,537973.63,2025-05-31 18:55:00,FX,0
T06758,W0060,W0049,643738.06,2025-05-31 14:50:00,BOND,0
T03950,W0051,W0089,716809.76,2025-05-31 15:21:00,USD,0
T02523,W0012,W0038,536713.15,2025-05-31 11:14:00,BOND,0
T05798,W0007,W0008,369063.11,2025-05-31 09:25:00,USD,0
T07156,W0087,W0025,522524.53,2025-05-31 18:00:00,USD,0
T06195,W0075,W0038,581986.99,2025-05-31 17:04:00,BOND,0
T06114,W0063,W0099,605989.27,2025-05-31 10:28:00,BOND,0
T04412,W0034,W0096,433721.54,2025-05-31 16:53:00,FX,0
T04775,W0088,W0005,457641.31,2025-05-31 11:11:00,BOND,0
T05034,W0095,W0074,434254.11,2025-05-31 14:40:00,USD,0
T01286,W0008,W0031,398331.64,2025-05-31 11:30:00,FX,0
T02232,W0015,W0056,545922.39,2025-05-31 16:13:00,FX,0
T08547,W0099,W0030,932176.03,2025-05-31 08:50:29,BOND,1
T08632,W0035,W0013,1073387.73,2025-05-31 06:50:29,BOND,1
T08564,W0007,W0028,989637.93,2025-05-31 08:50:29,USD,1
T09108,W0058,W0088,966358.37,2025-05-31 07:50:29,FX,1
T00680,W0069,W0086,555227.22,2025-05-31 18:31:00,USD,0
T07441,W0017,W0078,504127.58,2025-05-31 14:51:00,USD,0
T07975,W0045,W0076,1001495.57,2025-05-31 07:50:29,FX,1
T00555,W0070,W0010,408705.05,2025-05-31 13:54:00,USD,0
T06144,W0011,W0078,513747.8,2025-05-31 09:45:00,BOND,0
T05223,W0024,W0095,454814.59,2025-05-31 18:36:00,USD,0
T02855,W0037,W0028,575112.4,2025-05-31 10:15:00,BOND,0
T00805,W0008,W0095,617112.6,2025-05-31 12:38:00,BOND,0
T05779,W0013,W0032,526612.77,2025-05-31 10:22:00,BOND,0
T03292,W0029,W0029,536024.98,2025-05-31 17:39:00,USD,0
T07160,W0062,W0051,514112.62,2025-05-31 15:44:00,BOND,0
T04375,W0070,W0071,476882.2,2025-05-31 15:17:00,USD,0
T06396,W0025,W0020,415817.89,2025-05-31 13:07:00,USD,0
T00110,W0026,W0048,609839.83,2025-05-31 18:26:00,USD,0
T09004,W0067,W0078,974123.31,2025-05-31 07:50:29,BOND,1
T08832,W0025,W0047,1196459.06,2025-05-31 06:50:29,USD,1
T06344,W0021,W0077,474292.63,2025-05-31 13:48:00,FX,0
T01746,W0050,W0073,509420.62,2025-05-31 13:05:00,BOND,0
T04384,W0039,W0086,560770.05,2025-05-31 09:01:00,FX,0
T04923,W0096,W0062,348846.46,2025-05-31 16:22:00,BOND,0
T09570,W0015,W0066,1047699.72,2025-05-31 06:50:29,USD,1
T07770,W0035,W0087,904096.36,2025-05-31 06:50:29,BOND,1
T03443,W0058,W0052,534435.5,2025-05-31 16:47:00,FX,0
T07586,W0085,W0007,501393.59,2025-05-31 09:17:00,FX,0
T03840,W0035,W0035,399837.4,2025-05-31 12:31:00,USD,0
T07719,W0074,W0039,1016251.53,2025-05-31 07:50:29,USD,1
T00020,W0083,W0077,561832.68,2025-05-31 13:31:00,FX,0
T09647,W0062,W0019,934558.26,2025-05-31 06:50:29,FX,1
T08309,W0053,W0044,1013430.97,2025-05-31 06:50:29,FX,1
T00181,W0048,W0051,574593.56,2025-05-31 09:39:00,BOND,0
T02209,W0078,W0015,553972.66,2025-05-31 09:46:00,FX,0
T06269,W0080,W0080,468521.47,2025-05-31 13:52:00,BOND,0
T02021,W0096,W0030,449577.09,2025-05-31 11:44:00,FX,0
T00997,W0052,W0059,566448.31,2025-05-31 10:32:00,USD,0
T01315,W0016,W0019,449663.15,2025-05-31 13:32:00,BOND,0
T03269,W0058,W0034,575210.41,2025-05-31 17:40:00,BOND,0
T03624,W0087,W0035,516260.42,2025-05-31 11:39:00,USD,0
T05716,W0078,W0057,581529.58,2025-05-31 12:35:00,BOND,0
T09117,W0037,W0025,986236.13,2025-05-31 07:50:29,BOND,1
T07687,W0098,W0059,1052773.65,2025-05-31 07:50:29,USD,1
T02483,W0048,W0082,455668.68,2025-05-31 12:27:00,FX,0
T00950,W0075,W0091,617802.19,2025-05-31 16:09:00,FX,0
T03347,W0086,W0061,465560.71,2025-05-31 16:29:00,USD,0
T07704,W0075,W0015,1006103.19,2025-05-31 07:50:29,USD,1
T08245,W0072,W0095,1051674.79,2025-05-31 08:50:29,USD,1
T08355,W0027,W0063,1034235.18,2025-05-31 06:50:29,BOND,1
T08229,W0093,W0097,1019606.21,2025-05-31 06:50:29,USD,1
T08044,W0057,W0055,1133378.03,2025-05-31 06:50:29,FX,1
T08848,W0061,W0025,1048957.95,2025-05-31 07:50:29,BOND,1
T04153,W0010,W0038,566053.82,2025-05-31 11:19:00,FX,0
T02416,W0061,W0026,445276.72,2025-05-31 10:57:00,FX,0
T00744,W0067,W0095,599425.07,2025-05-31 14:17:00,BOND,0
T05466,W0093,W0075,510591.87,2025-05-31 14:26:00,FX,0
T02917,W0046,W0084,551695.05,2025-05-31 18:47:00,USD,0
T09838,W0083,W0081,957484.84,2025-05-31 07:50:29,BOND,1
T04931,W0047,W0098,620236.77,2025-05-31 10:58:00,USD,0
T09597,W0037,W0088,1055514.33,2025-05-31 06:50:29,FX,1
T05188,W0021,W0045,483260.23,2025-05-31 11:33:00,BOND,0
T09517,W0057,W0069,1155714.01,2025-05-31 08:50:29,FX,1
T01439,W0070,W0099,511616.46,2025-05-31 09:20:00,USD,0
T00384,W0072,W0090,324755.14,2025-05-31 16:05:00,USD,0
T07977,W0099,W0079,985502.16,2025-05-31 06:50:29,FX,1
T04616,W0099,W0006,512783.73,2025-05-31 11:26:00,BOND,0
T06579,W0021,W0062,471588.47,2025-05-31 18:31:00,USD,0
T09441,W0045,W0093,1153306.28,2025-05-31 07:50:29,BOND,1
T06659,W0020,W0012,433630.23,2025-05-31 17:18:00,BOND,0
T03081,W0078,W0083,527267.77,2025-05-31 10:57:00,BOND,0
T09586,W0001,W0066,1057839.69,2025-05-31 07:50:29,FX,1
T05735,W0002,W0084,517366.4,2025-05-31 11:11:00,FX,0
T05297,W0049,W0016,522024.73,2025-05-31 18:02:00,USD,0
T08465,W0039,W0002,1118998.37,2025-05-31 06:50:29,FX,1
T01132,W0016,W0080,511602.25,2025-05-31 18:41:00,BOND,0
T06034,W0014,W0052,479717.77,2025-05-31 10:25:00,BOND,0
T02255,W0085,W0048,556132.95,2025-05-31 09:29:00,FX,0
T05048,W0010,W0100,544857.87,2025-05-31 14:14:00,BOND,0
T04851,W0028,W0100,553457.46,2025-05-31 12:12:00,USD,0
T08904,W0010,W0026,1106882.13,2025-05-31 08:50:29,USD,1
T07885,W0054,W0025,1046818.67,2025-05-31 07:50:29,USD,1
T00668,W0040,W0033,535761.9,2025-05-31 11:29:00,BOND,0
T02721,W0013,W0096,634175.06,2025-05-31 13:13:00,BOND,0
T05491,W0013,W0098,533342.19,2025-05-31 15:08:00,USD,0
T01509,W0026,W0036,542845.24,2025-05-31 12:22:00,FX,0
T03202,W0019,W0018,442272.49,2025-05-31 10:43:00,FX,0
T02600,W0074,W0028,520213.5,2025-05-31 19:00:00,FX,0
T08776,W0064,W0082,1172577.73,2025-05-31 06:50:29,FX,1
T03119,W0010,W0023,554719.34,2025-05-31 13:00:00,BOND,0
T09988,W0007,W0016,1009529.01,2025-05-31 08:50:29,USD,1
T04144,W0034,W0017,418673.6,2025-05-31 11:09:00,BOND,0
T03902,W0092,W0069,559910.56,2025-05-31 18:35:00,FX,0
T06548,W0044,W0060,312614.01,2025-05-31 15:16:00,USD,0
T08963,W0033,W0037,1016400.64,2025-05-31 06:50:29,FX,1
T01145,W0042,W0065,454463.4,2025-05-31 14:47:00,USD,0
T09649,W0084,W0064,941278.13,2025-05-31 06:50:29,FX,1
T06136,W0059,W0044,364086.03,2025-05-31 18:12:00,FX,0
T00479,W0056,W0080,535567.65,2025-05-31 14:10:00,BOND,0
T04306,W0035,W0021,505824.36,2025-05-31 13:04:00,BOND,0
T06597,W0095,W0038,409037.04,2025-05-31 15:09:00,BOND,0
T03913,W0051,W0088,303054.7,2025-05-31 18:02:00,BOND,0
T09341,W0036,W0096,957269.26,2025-05-31 07:50:29,USD,1
T04303,W0095,W0033,373225.71,2025-05-31 10:58:00,USD,0
T09435,W0054,W0033,1137036.53,2025-05-31 06:50:29,FX,1
T08780,W0088,W0094,1188235.2,2025-05-31 08:50:29,USD,1
T04895,W0010,W0009,509372.29,2025-05-31 11:06:00,BOND,0
T02808,W0080,W0028,496291.11,2025-05-31 15:44:00,BOND,0
T07775,W0032,W0089,968150.42,2025-05-31 06:50:29,USD,1
T09924,W0080,W0098,1002079.05,2025-05-31 08:50:29,USD,1
T03346,W0099,W0087,557986.16,2025-05-31 09:23:00,FX,0
T07835,W0016,W0063,981124.74,2025-05-31 07:50:29,BOND,1
T02417,W0008,W0023,571507.76,2025-05-31 17:09:00,BOND,0
T01801,W0089,W0006,477626.01,2025-05-31 09:51:00,USD,0
T09381,W0071,W0019,988113.34,2025-05-31 08:50:29,BOND,1
T00847,W0013,W0096,470441.79,2025-05-31 16:54:00,BOND,0
T05934,W0034,W0039,472909.18,2025-05-31 09:15:00,USD,0
T04214,W0085,W0042,489369.96,2025-05-31 09:21:00,USD,0
T01565,W0058,W0006,532383.61,2025-05-31 11:29:00,FX,0
T09245,W0013,W0096,1036197.93,2025-05-31 06:50:29,BOND,1
T00377,W0020,W0098,467821.02,2025-05-31 12:01:00,USD,0
T03057,W0077,W0053,549239.56,2025-05-31 10:27:00,USD,0
T00210,W0059,W0011,451697.95,2025-05-31 13:11:00,FX,0
T03415,W0078,W0021,394192.18,2025-05-31 12:50:00,BOND,0
T05376,W0018,W0035,595689.43,2025-05-31 11:21:00,USD,0
T07313,W0003,W0023,458586.66,2025-05-31 16:05:00,BOND,0
T08003,W0047,W0072,1114382.8,2025-05-31 07:50:29,FX,1
T08161,W0062,W0090,1043121.11,2025-05-31 06:50:29,USD,1
T09878,W0014,W0097,921438.75,2025-05-31 06:50:29,USD,1
T04141,W0037,W0084,535214.31,2025-05-31 14:49:00,BOND,0
T04715,W0023,W0035,319329.23,2025-05-31 10:55:00,BOND,0
T06781,W0017,W0080,638582.73,2025-05-31 17:13:00,USD,0
T08280,W0084,W0009,1043412.46,2025-05-31 06:50:29,BOND,1
T08767,W0049,W0050,1115655.54,2025-05-31 08:50:29,USD,1
T07232,W0068,W0014,379706.13,2025-05-31 10:44:00,BOND,0
T07783,W0028,W0100,1114961.91,2025-05-31 08:50:29,FX,1
T00814,W0030,W0052,546886.61,2025-05-31 10:18:00,FX,0
T03044,W0072,W0034,420237.5,2025-05-31 09:20:00,USD,0
T08565,W0048,W0081,1195034.6,2025-05-31 07:50:29,USD,1
T00465,W0085,W0043,450214.8,2025-05-31 10:06:00,BOND,0
T01788,W0025,W0098,584252.37,2025-05-31 11:53:00,FX,0
T00289,W0042,W0097,362936.43,2025-05-31 13:31:00,USD,0
T06125,W0038,W0071,538194.74,2025-05-31 18:38:00,BOND,0
T03009,W0013,W0088,566427.92,2025-05-31 09:05:00,BOND,0
T02207,W0005,W0059,468548.59,2025-05-31 10:45:00,FX,0
T04050,W0050,W0072,495376.86,2025-05-31 14:14:00,FX,0
T00171,W0043,W0089,598299.81,2025-05-31 15:58:00,BOND,0
T04920,W0040,W0015,341377.91,2025-05-31 12:46:00,USD,0
T00157,W0057,W0093,427432.41,2025-05-31 16:13:00,USD,0
T00009,W0076,W0029,473239.0,2025-05-31 14:01:00,BOND,0
T03272,W0030,W0044,533698.32,2025-05-31 10:12:00,BOND,0
T01834,W0050,W0084,432814.44,2025-05-31 18:00:00,USD,0
T07691,W0070,W0019,1132336.53,2025-05-31 06:50:29,FX,1
T03684,W0086,W0058,511669.69,2025-05-31 16:31:00,USD,0
T05487,W0099,W0094,381108.33,2025-05-31 16:50:00,BOND,0
T00999,W0029,W0081,456221.0,2025-05-31 10:48:00,FX,0
T00049,W0040,W0064,523467.65,2025-05-31 13:05:00,USD,0
T02333,W0016,W0013,542955.68,2025-05-31 18:30:00,USD,0
T01603,W0033,W0008,486754.04,2025-05-31 12:21:00,FX,0
T07185,W0041,W0039,608094.2,2025-05-31 18:01:00,FX,0
T02408,W0078,W0064,514632.72,2025-05-31 13:36:00,FX,0
T01589,W0035,W0011,473577.26,2025-05-31 10:11:00,USD,0
T03447,W0006,W0015,444787.05,2025-05-31 17:12:00,USD,0
T07853,W0081,W0070,1130028.44,2025-05-31 07:50:29,USD,1
T06004,W0060,W0036,502550.87,2025-05-31 13:53:00,USD,0
T01827,W0034,W0031,510997.05,2025-05-31 16:08:00,FX,0
T04762,W0018,W0028,339846.99,2025-05-31 14:42:00,BOND,0
T04479,W0073,W0021,416100.39,2025-05-31 13:15:00,USD,0
T09552,W0054,W0098,967843.12,2025-05-31 08:50:29,USD,1
T01100,W0016,W0034,524960.95,2025-05-31 12:19:00,USD,0
T07919,W0095,W0056,1128288.21,2025-05-31 08:50:29,BOND,1
T07107,W0012,W0100,467097.63,2025-05-31 14:48:00,FX,0
T05940,W0061,W0088,474983.4,2025-05-31 12:18:00,FX,0
T02302,W0007,W0060,642852.01,2025-05-31 11:16:00,USD,0
T06913,W0081,W0016,624941.56,2025-05-31 11:20:00,USD,0
T02749,W0017,W0037,447882.04,2025-05-31 12:40:00,BOND,0
T03872,W0027,W0011,553920.09,2025-05-31 11:46:00,BOND,0
T04164,W0090,W0061,469661.28,2025-05-31 14:16:00,USD,0
T00978,W0069,W0034,597082.58,2025-05-31 17:14:00,FX,0
T08935,W0023,W0091,995761.57,2025-05-31 07:50:29,FX,1
T01820,W0080,W0078,414290.28,2025-05-31 18:47:00,FX,0
T08453,W0062,W0062,1028790.31,2025-05-31 07:50:29,USD,1
T05177,W0039,W0020,404658.66,2025-05-31 09:29:00,FX,0
T07444,W0053,W0015,505891.19,2025-05-31 13:45:00,USD,0
T03463,W0076,W0042,539854.0,2025-05-31 11:06:00,FX,0
T00878,W0015,W0050,388523.63,2025-05-31 17:23:00,USD,0
T01645,W0014,W0099,553316.21,2025-05-31 18:35:00,FX,0
T03345,W0067,W0088,575808.75,2025-05-31 14:23:00,USD,0
T01089,W0010,W0010,468713.6,2025-05-31 11:35:00,USD,0
T09415,W0075,W0097,960206.17,2025-05-31 07:50:29,USD,1
T04889,W0066,W0049,444162.35,2025-05-31 13:49:00,FX,0
T06718,W0094,W0067,443514.08,2025-05-31 13:58:00,BOND,0
T06532,W0056,W0047,463686.01,2025-05-31 11:15:00,BOND,0
T04902,W0069,W0068,622701.93,2025-05-31 10:46:00,USD,0
T06983,W0047,W0016,474744.73,2025-05-31 15:19:00,FX,0
T04277,W0023,W0011,407814.21,2025-05-31 10:10:00,FX,0
T08331,W0054,W0005,1084249.03,2025-05-31 07:50:29,USD,1
T05353,W0024,W0090,457594.45,2025-05-31 17:01:00,USD,0
T07950,W0049,W0050,948837.17,2025-05-31 07:50:29,BOND,1
T07785,W0056,W0037,940120.09,2025-05-31 07:50:29,BOND,1
T09316,W0002,W0057,1038145.52,2025-05-31 06:50:29,BOND,1
T00412,W0041,W0001,562623.29,2025-05-31 13:35:00,USD,0
T00081,W0057,W0063,390111.61,2025-05-31 17:50:00,BOND,0
T07224,W0089,W0014,600946.29,2025-05-31 14:10:00,FX,0
T01635,W0027,W0008,605338.81,2025-05-31 11:33:00,USD,0
T01223,W0058,W0078,521741.57,2025-05-31 18:50:00,BOND,0
T07284,W0006,W0047,442677.0,2025-05-31 09:23:00,FX,0
T04064,W0007,W0006,582431.06,2025-05-31 16:31:00,USD,0
T06095,W0054,W0056,410794.17,2025-05-31 12:01:00,USD,0
T04326,W0091,W0025,462974.41,2025-05-31 16:14:00,USD,0
T01469,W0100,W0084,407823.98,2025-05-31 13:46:00,BOND,0
T04589,W0052,W0017,594628.7,2025-05-31 12:58:00,FX,0
T09937,W0088,W0011,1182591.93,2025-05-31 07:50:29,BOND,1
T07137,W0002,W0035,483697.29,2025-05-31 18:33:00,USD,0
T07529,W0014,W0005,598192.29,2025-05-31 14:24:00,USD,0
T03137,W0055,W0098,361261.65,2025-05-31 15:52:00,USD,0
T04089,W0023,W0040,622945.49,2025-05-31 17:13:00,USD,0
T05763,W0098,W0030,558413.64,2025-05-31 10:39:00,FX,0
T03413,W0032,W0070,483520.58,2025-05-31 10:40:00,BOND,0
T08250,W0050,W0094,1066609.84,2025-05-31 06:50:29,USD,1
T00867,W0095,W0023,564484.52,2025-05-31 14:49:00,USD,0
T04821,W0056,W0043,616662.54,2025-05-31 13:29:00,FX,0
T08789,W0043,W0043,926812.8,2025-05-31 08:50:29,BOND,1
T07431,W0018,W0062,444381.19,2025-05-31 14:30:00,FX,0
T09959,W0016,W0091,948385.0,2025-05-31 08:50:29,FX,1
T04383,W0053,W0012,428261.17,2025-05-31 12:03:00,BOND,0
T01252,W0015,W0067,603264.46,2025-05-31 13:43:00,USD,0
T04770,W0008,W0061,497575.31,2025-05-31 09:55:00,FX,0
T05969,W0005,W0085,510312.18,2025-05-31 16:52:00,BOND,0
T01093,W0084,W0003,467164.79,2025-05-31 17:13:00,BOND,0
T03136,W0007,W0003,514415.25,2025-05-31 13:43:00,BOND,0
T09890,W0018,W0026,1192177.44,2025-05-31 08:50:29,BOND,1
T04287,W0049,W0005,535879.68,2025-05-31 13:44:00,USD,0
T06917,W0007,W0013,478966.13,2025-05-31 16:42:00,FX,0
T08131,W0088,W0083,1098371.46,2025-05-31 08:50:29,BOND,1
T01213,W0007,W0018,452840.71,2025-05-31 15:56:00,FX,0
T02267,W0034,W0009,539726.96,2025-05-31 12:14:00,USD,0
T00961,W0017,W0010,481063.09,2025-05-31 15:24:00,USD,0
T04216,W0025,W0091,511825.06,2025-05-31 16:43:00,BOND,0
T04772,W0066,W0074,512457.53,2025-05-31 09:29:00,USD,0
T00120,W0034,W0075,377659.68,2025-05-31 11:15:00,USD,0
T02889,W0021,W0068,562047.55,2025-05-31 14:41:00,FX,0
T03812,W0031,W0031,568532.33,2025-05-31 11:36:00,BOND,0
T07230,W0014,W0099,419172.63,2025-05-31 14:20:00,USD,0
T08472,W0005,W0034,1158692.81,2025-05-31 06:50:29,USD,1
T02963,W0074,W0003,511949.57,2025-05-31 12:21:00,USD,0
T02820,W0080,W0034,617353.6,2025-05-31 16:20:00,FX,0
T02514,W0023,W0015,469764.41,2025-05-31 12:03:00,FX,0
T00831,W0058,W0084,496779.4,2025-05-31 13:00:00,FX,0
T05480,W0054,W0060,675755.8,2025-05-31 09:50:00,USD,0
T08741,W0025,W0098,965106.81,2025-05-31 07:50:29,FX,1
T03937,W0044,W0079,338279.75,2025-05-31 13:19:00,BOND,0
T01408,W0038,W0021,430642.95,2025-05-31 17:01:00,FX,0
T00611,W0035,W0020,337824.53,2025-05-31 13:17:00,FX,0
T06392,W0099,W0044,450591.82,2025-05-31 12:11:00,FX,0
T05662,W0082,W0042,735415.48,2025-05-31 15:56:00,USD,0
T00273,W0047,W0059,417557.15,2025-05-31 09:34:00,FX,0
T01456,W0046,W0074,467676.83,2025-05-31 17:28:00,FX,0
T04045,W0013,W0002,541694.66,2025-05-31 13:38:00,USD,0
T03518,W0033,W0053,495661.64,2025-05-31 11:42:00,USD,0
T08067,W0051,W0035,903942.48,2025-05-31 07:50:29,FX,1
T08930,W0003,W0022,999402.03,2025-05-31 06:50:29,FX,1
T07849,W0037,W0067,955359.59,2025-05-31 07:50:29,FX,1
T04946,W0012,W0062,505765.98,2025-05-31 12:54:00,FX,0
T07969,W0029,W0041,1066169.24,2025-05-31 07:50:29,BOND,1
T07640,W0082,W0092,374790.63,2025-05-31 10:00:00,USD,0
T09313,W0021,W0068,1001815.21,2025-05-31 06:50:29,BOND,1
T04193,W0050,W0067,563305.45,2025-05-31 09:15:00,BOND,0
T02143,W0079,W0037,590415.23,2025-05-31 09:07:00,BOND,0
T02042,W0044,W0095,572751.85,2025-05-31 13:41:00,FX,0
T04544,W0038,W0036,390499.14,2025-05-31 10:08:00,USD,0
T01632,W0093,W0076,332447.13,2025-05-31 09:23:00,BOND,0
T05932,W0027,W0059,511181.7,2025-05-31 16:04:00,BOND,0
T05693,W0054,W0041,493708.09,2025-05-31 12:33:00,USD,0
T05020,W0095,W0006,500769.5,2025-05-31 17:35:00,USD,0
T03214,W0082,W0061,604242.67,2025-05-31 09:00:00,USD,0
T01199,W0073,W0087,504104.27,2025-05-31 14:04:00,BOND,0
T07582,W0099,W0068,393621.79,2025-05-31 12:03:00,FX,0
T08016,W0043,W0059,997454.34,2025-05-31 07:50:29,BOND,1
T04402,W0023,W0028,511301.2,2025-05-31 13:15:00,BOND,0
T01270,W0050,W0088,453328.1,2025-05-31 17:36:00,FX,0
T05563,W0043,W0018,416076.65,2025-05-31 16:15:00,BOND,0
T01467,W0089,W0095,446494.39,2025-05-31 09:17:00,FX,0
T03536,W0034,W0007,371676.69,2025-05-31 15:38:00,USD,0
T03258,W0077,W0091,443622.93,2025-05-31 11:21:00,BOND,0
T08299,W0084,W0015,946759.96,2025-05-31 06:50:29,FX,1
T05321,W0092,W0015,303717.24,2025-05-31 15:04:00,FX,0
T07291,W0041,W0076,530978.83,2025-05-31 13:20:00,USD,0
T05060,W0083,W0004,527473.36,2025-05-31 13:11:00,FX,0
T04855,W0085,W0014,463478.91,2025-05-31 11:55:00,USD,0
T01569,W0088,W0007,709066.29,2025-05-31 17:01:00,USD,0
T05531,W0001,W0060,389145.24,2025-05-31 17:58:00,FX,0
T04965,W0038,W0069,474204.34,2025-05-31 15:19:00,FX,0
T04606,W0024,W0044,461314.36,2025-05-31 10:16:00,BOND,0
T08407,W0083,W0056,1127910.05,2025-05-31 07:50:29,FX,1
T08230,W0058,W0037,965030.95,2025-05-31 06:50:29,FX,1
T05678,W0030,W0088,559601.23,2025-05-31 18:25:00,USD,0
T03588,W0072,W0033,417037.16,2025-05-31 17:30:00,FX,0
T03628,W0073,W0022,521532.44,2025-05-31 15:11:00,USD,0
T05863,W0010,W0058,553003.2,2025-05-31 09:14:00,USD,0
T08785,W0099,W0054,1168529.53,2025-05-31 06:50:29,BOND,1
T06465,W0011,W0047,511835.33,2025-05-31 16:34:00,USD,0
T00489,W0054,W0014,417060.2,2025-05-31 12:28:00,BOND,0
T00633,W0089,W0042,667579.26,2025-05-31 14:37:00,USD,0
T05337,W0032,W0028,477240.88,2025-05-31 13:36:00,BOND,0
T09562,W0052,W0017,1110887.46,2025-05-31 08:50:29,BOND,1
T02667,W0036,W0086,551376.03,2025-05-31 12:15:00,FX,0
T05748,W0092,W0077,451361.23,2025-05-31 16:17:00,USD,0
T07467,W0095,W0003,400318.37,2025-05-31 14:05:00,FX,0
T08278,W0098,W0094,1002894.42,2025-05-31 08:50:29,BOND,1
T07287,W0039,W0017,501775.09,2025-05-31 18:58:00,FX,0
T09260,W0032,W0074,1171435.51,2025-05-31 06:50:29,BOND,1
T01230,W0030,W0032,555051.47,2025-05-31 11:46:00,FX,0
T05552,W0052,W0004,514949.83,2025-05-31 15:34:00,FX,0
T06212,W0076,W0013,487204.52,2025-05-31 09:02:00,BOND,0
T02621,W0042,W0033,509822.95,2025-05-31 15:09:00,FX,0
T07203,W0015,W0027,438364.2,2025-05-31 12:29:00,USD,0
T03768,W0052,W0016,392796.21,2025-05-31 11:20:00,FX,0
T04829,W0001,W0008,463105.43,2025-05-31 14:52:00,FX,0
T06264,W0011,W0004,481748.88,2025-05-31 10:59:00,FX,0
T04763,W0099,W0029,507569.1,2025-05-31 14:45:00,USD,0
T04968,W0080,W0001,586622.63,2025-05-31 10:39:00,BOND,0
T00845,W0070,W0063,466590.36,2025-05-31 18:31:00,USD,0
T00836,W0087,W0046,493994.84,2025-05-31 14:39:00,FX,0
T08484,W0043,W0016,1122106.92,2025-05-31 08:50:29,BOND,1
T08174,W0065,W0013,1161967.02,2025-05-31 07:50:29,BOND,1
T04661,W0074,W0033,461303.16,2025-05-31 09:42:00,BOND,0
T06474,W0041,W0088,319261.69,2025-05-31 14:46:00,BOND,0
T06878,W0065,W0099,433931.27,2025-05-31 10:14:00,USD,0
T07978,W0021,W0081,953753.56,2025-05-31 08:50:29,FX,1
T03018,W0033,W0095,584334.86,2025-05-31 09:25:00,FX,0
T06845,W0083,W0052,571465.29,2025-05-31 10:20:00,BOND,0
T09109,W0020,W0065,962345.87,2025-05-31 07:50:29,USD,1
T07200,W0021,W0042,638280.46,2025-05-31 14:49:00,FX,0
T04330,W0039,W0083,515549.72,2025-05-31 15:13:00,USD,0
T08462,W0037,W0085,979090.0,2025-05-31 06:50:29,BOND,1
T06005,W0083,W0087,623775.52,2025-05-31 09:55:00,USD,0
T06126,W0075,W0078,620223.36,2025-05-31 15:06:00,USD,0
T03236,W0008,W0061,362986.64,2025-05-31 13:42:00,USD,0
T05850,W0091,W0003,468699.95,2025-05-31 11:48:00,BOND,0
T01053,W0018,W0080,474154.74,2025-05-31 12:59:00,FX,0
T00617,W0008,W0008,512705.31,2025-05-31 16:42:00,BOND,0
T08886,W0004,W0009,924834.32,2025-05-31 08:50:29,FX,1
T06317,W0008,W0060,532122.98,2025-05-31 15:32:00,USD,0
T03696,W0009,W0040,448182.44,2025-05-31 13:33:00,USD,0
T08818,W0012,W0077,946509.68,2025-05-31 07:50:29,FX,1
T07015,W0093,W0087,547460.26,2025-05-31 15:07:00,USD,0
T03904,W0048,W0069,495960.49,2025-05-31 16:50:00,USD,0
T02739,W0027,W0009,570042.47,2025-05-31 18:39:00,FX,0
T00929,W0058,W0066,548311.2,2025-05-31 15:06:00,BOND,0
T03125,W0042,W0004,516681.95,2025-05-31 13:16:00,USD,0
T03283,W0083,W0029,431786.51,2025-05-31 14:40:00,BOND,0
T02546,W0010,W0055,427388.97,2025-05-31 17:28:00,USD,0
T09423,W0098,W0074,973458.57,2025-05-31 08:50:29,USD,1
T04508,W0039,W0098,588089.79,2025-05-31 17:19:00,USD,0
T00145,W0018,W0051,520830.91,2025-05-31 17:56:00,FX,0
T04511,W0087,W0022,432782.23,2025-05-31 17:47:00,USD,0
T06162,W0064,W0072,502719.26,2025-05-31 11:52:00,FX,0
T04614,W0032,W0036,438193.85,2025-05-31 14:59:00,USD,0
T09582,W0019,W0040,918217.42,2025-05-31 06:50:29,BOND,1
T02668,W0027,W0014,533459.06,2025-05-31 14:58:00,BOND,0
T03315,W0052,W0099,585704.2,2025-05-31 13:06:00,FX,0
T01202,W0054,W0016,462452.04,2025-05-31 12:14:00,USD,0
T06963,W0045,W0044,580990.63,2025-05-31 12:44:00,USD,0
T01397,W0006,W0020,526264.37,2025-05-31 18:29:00,BOND,0
T02168,W0036,W0022,459429.41,2025-05-31 09:52:00,BOND,0
T06600,W0003,W0066,501054.97,2025-05-31 16:14:00,FX,0
T08685,W0027,W0083,945088.41,2025-05-31 08:50:29,USD,1
T04054,W0088,W0007,589522.57,2025-05-31 18:00:00,BOND,0
T01281,W0039,W0047,493568.77,2025-05-31 11:02:00,FX,0
T09154,W0024,W0063,1150579.17,2025-05-31 08:50:29,USD,1
T01211,W0097,W0075,415041.81,2025-05-31 10:15:00,FX,0
T02414,W0045,W0004,470027.95,2025-05-31 16:13:00,BOND,0
T09256,W0004,W0075,1112866.86,2025-05-31 07:50:29,USD,1
T05686,W0068,W0100,398760.0,2025-05-31 13:27:00,USD,0
T09989,W0074,W0025,983322.53,2025-05-31 06:50:29,USD,1
T04229,W0026,W0064,562042.19,2025-05-31 10:11:00,USD,0
T04682,W0006,W0022,520520.85,2025-05-31 11:47:00,BOND,0
T04933,W0003,W0036,478849.53,2025-05-31 12:28:00,FX,0
T03620,W0067,W0042,591692.31,2025-05-31 10:49:00,USD,0
T01155,W0089,W0067,539307.29,2025-05-31 15:13:00,FX,0
T08499,W0075,W0095,1179238.44,2025-05-31 07:50:29,BOND,1
T03376,W0056,W0022,432952.99,2025-05-31 15:11:00,FX,0
T05501,W0070,W0016,500462.46,2025-05-31 14:36:00,USD,0
T00086,W0022,W0049,512878.52,2025-05-31 12:28:00,BOND,0
T05247,W0002,W0003,519614.25,2025-05-31 12:12:00,BOND,0
T00809,W0043,W0022,668516.04,2025-05-31 09:25:00,BOND,0
T08170,W0071,W0017,947155.57,2025-05-31 07:50:29,USD,1
T02445,W0097,W0025,563048.61,2025-05-31 11:19:00,USD,0
T08048,W0064,W0095,1027889.21,2025-05-31 07:50:29,USD,1
T02117,W0042,W0039,508866.55,2025-05-31 13:04:00,FX,0
T06866,W0093,W0056,514670.55,2025-05-31 14:30:00,FX,0
T09355,W0063,W0073,1060099.58,2025-05-31 07:50:29,USD,1
T00984,W0019,W0001,427142.08,2025-05-31 10:17:00,BOND,0
T01059,W0089,W0048,528009.13,2025-05-31 09:49:00,FX,0
T09554,W0052,W0071,955163.29,2025-05-31 07:50:29,FX,1
T04426,W0056,W0013,625434.79,2025-05-31 10:55:00,BOND,0
T09184,W0044,W0072,1139065.37,2025-05-31 06:50:29,BOND,1
T02498,W0081,W0056,492356.24,2025-05-31 09:00:00,FX,0
T09537,W0060,W0014,1013665.85,2025-05-31 08:50:29,BOND,1
T09465,W0092,W0021,925896.73,2025-05-31 07:50:29,USD,1
T00071,W0024,W0017,418078.7,2025-05-31 18:42:00,BOND,0
T07921,W0050,W0061,1181321.57,2025-05-31 08:50:29,BOND,1
T04006,W0066,W0092,709081.3,2025-05-31 17:17:00,USD,0
T09628,W0016,W0067,1036632.63,2025-05-31 08:50:29,BOND,1
T05051,W0068,W0030,525159.29,2025-05-31 13:22:00,FX,0
T01295,W0079,W0020,484697.55,2025-05-31 16:03:00,USD,0
T09173,W0033,W0043,913378.75,2025-05-31 06:50:29,USD,1
T04907,W0065,W0058,549728.19,2025-05-31 15:54:00,FX,0
T04488,W0087,W0073,620055.56,2025-05-31 16:02:00,FX,0
T04343,W0002,W0054,315583.45,2025-05-31 15:36:00,FX,0
T06138,W0014,W0075,534053.31,2025-05-31 11:24:00,FX,0
T08458,W0023,W0052,1147159.08,2025-05-31 07:50:29,BOND,1
T04500,W0050,W0058,482170.22,2025-05-31 15:24:00,BOND,0
T08086,W0050,W0078,920088.84,2025-05-31 06:50:29,BOND,1
T06458,W0052,W0072,492924.46,2025-05-31 15:11:00,BOND,0
T05461,W0075,W0052,523028.57,2025-05-31 11:56:00,FX,0
T03311,W0074,W0009,567782.5,2025-05-31 17:11:00,BOND,0
T06768,W0060,W0059,464929.98,2025-05-31 15:05:00,BOND,0
T02189,W0086,W0092,466559.39,2025-05-31 10:43:00,FX,0
T06610,W0085,W0030,473470.76,2025-05-31 17:53:00,FX,0
T07856,W0069,W0013,985200.1,2025-05-31 07:50:29,FX,1
T01300,W0001,W0071,582139.53,2025-05-31 17:52:00,USD,0
T07348,W0005,W0014,456176.48,2025-05-31 10:44:00,BOND,0
T09594,W0021,W0093,1057196.8,2025-05-31 07:50:29,BOND,1
T04019,W0093,W0069,454386.74,2025-05-31 15:17:00,FX,0
T01568,W0087,W0041,532895.0,2025-05-31 12:28:00,BOND,0
T02373,W0089,W0046,578992.34,2025-05-31 17:49:00,FX,0
T03173,W0089,W0031,408014.11,2025-05-31 15:37:00,FX,0
T09672,W0044,W0011,939344.21,2025-05-31 07:50:29,USD,1
T00903,W0051,W0087,550309.02,2025-05-31 14:41:00,USD,0
T09196,W0094,W0087,1181277.26,2025-05-31 06:50:29,FX,1
T06864,W0013,W0051,543018.67,2025-05-31 09:15:00,FX,0
T06737,W0018,W0022,484448.33,2025-05-31 14:52:00,BOND,0
T00544,W0041,W0049,553390.88,2025-05-31 17:04:00,USD,0
T08388,W0074,W0025,915365.96,2025-05-31 06:50:29,FX,1
T05604,W0095,W0090,455057.49,2025-05-31 12:32:00,BOND,0
T03941,W0048,W0038,354164.37,2025-05-31 13:33:00,BOND,0
T01959,W0019,W0041,500494.82,2025-05-31 16:39:00,USD,0
T02589,W0085,W0026,541816.42,2025-05-31 17:31:00,BOND,0
T06180,W0009,W0093,476804.29,2025-05-31 16:26:00,FX,0
T04234,W0060,W0039,359231.08,2025-05-31 11:52:00,FX,0
T05528,W0031,W0049,474118.67,2025-05-31 13:10:00,FX,0
T00622,W0044,W0061,644735.59,2025-05-31 15:41:00,FX,0
T00108,W0044,W0098,410139.81,2025-05-31 18:15:00,FX,0
T06784,W0054,W0020,561755.62,2025-05-31 14:11:00,USD,0
T03080,W0100,W0028,557732.29,2025-05-31 18:34:00,FX,0
T04071,W0020,W0005,409324.95,2025-05-31 15:23:00,BOND,0
T09175,W0088,W0072,1031369.48,2025-05-31 07:50:29,USD,1
T00601,W0002,W0038,573827.68,2025-05-31 15:40:00,FX,0
T07430,W0083,W0095,443551.24,2025-05-31 13:18:00,BOND,0
T08642,W0034,W0076,1170342.78,2025-05-31 07:50:29,USD,1
T09722,W0067,W0053,1163860.77,2025-05-31 08:50:29,USD,1
T01475,W0044,W0041,562190.02,2025-05-31 16:01:00,USD,0
T07279,W0074,W0088,541171.57,2025-05-31 16:16:00,USD,0
T03156,W0082,W0069,592128.53,2025-05-31 11:49:00,FX,0
T05293,W0087,W0008,333113.16,2025-05-31 17:41:00,FX,0
T06965,W0056,W0074,485885.97,2025-05-31 17:58:00,FX,0
T04067,W0057,W0016,545754.14,2025-05-31 15:45:00,USD,0
T05470,W0062,W0076,417824.02,2025-05-31 09:03:00,FX,0
T00670,W0008,W0028,502295.6,2025-05-31 13:11:00,BOND,0
T04690,W0003,W0058,425338.94,2025-05-31 15:58:00,BOND,0
T06827,W0055,W0024,581591.95,2025-05-31 14:13:00,BOND,0
T07678,W0033,W0044,936960.38,2025-05-31 08:50:29,BOND,1
T05619,W0036,W0011,567753.57,2025-05-31 11:40:00,FX,0
T02771,W0033,W0021,506452.51,2025-05-31 17:39:00,FX,0
T00023,W0005,W0003,462409.17,2025-05-31 18:48:00,FX,0
T03074,W0012,W0059,457791.2,2025-05-31 12:04:00,USD,0
T07903,W0056,W0094,1122178.43,2025-05-31 08:50:29,BOND,1
T02107,W0089,W0029,508665.35,2025-05-31 17:24:00,BOND,0
T00244,W0055,W0003,388610.5,2025-05-31 16:50:00,BOND,0
T03532,W0070,W0003,593950.21,2025-05-31 13:03:00,USD,0
T00150,W0069,W0014,490273.12,2025-05-31 13:12:00,BOND,0
T01296,W0039,W0022,487096.89,2025-05-31 12:13:00,BOND,0
T04548,W0086,W0004,507277.83,2025-05-31 16:24:00,BOND,0
T00195,W0084,W0023,454346.36,2025-05-31 09:23:00,USD,0
T09393,W0049,W0037,1045731.64,2025-05-31 06:50:29,BOND,1
T05475,W0087,W0007,533927.29,2025-05-31 13:49:00,FX,0
T05083,W0008,W0001,705769.34,2025-05-31 12:31:00,FX,0
T01012,W0035,W0050,539171.8,2025-05-31 10:06:00,USD,0
T00971,W0042,W0091,476600.44,2025-05-31 09:09:00,FX,0
T09966,W0032,W0098,1016526.54,2025-05-31 08:50:29,FX,1
T05654,W0021,W0015,374217.61,2025-05-31 16:43:00,BOND,0
T02768,W0099,W0073,421494.71,2025-05-31 16:44:00,USD,0
T00155,W0090,W0020,677837.06,2025-05-31 16:28:00,FX,0
T00585,W0076,W0061,677136.16,2025-05-31 13:42:00,FX,0
T00879,W0075,W0014,493877.38,2025-05-31 18:50:00,FX,0
T00113,W0097,W0011,497755.42,2025-05-31 13:05:00,FX,0
T07581,W0003,W0029,544574.75,2025-05-31 17:53:00,USD,0
T04841,W0080,W0010,543985.43,2025-05-31 15:03:00,USD,0
T09265,W0017,W0038,940108.59,2025-05-31 08:50:29,BOND,1
T06938,W0087,W0060,508974.21,2025-05-31 10:13:00,BOND,0
T06513,W0036,W0008,557564.67,2025-05-31 13:24:00,FX,0
T06092,W0063,W0030,412828.75,2025-05-31 11:55:00,USD,0
T05874,W0086,W0022,382161.38,2025-05-31 16:00:00,BOND,0
T03038,W0028,W0039,391718.04,2025-05-31 09:23:00,FX,0
T01307,W0043,W0006,607836.31,2025-05-31 14:03:00,USD,0
T06043,W0029,W0076,498536.5,2025-05-31 12:51:00,USD,0
T07089,W0078,W0066,445241.98,2025-05-31 09:34:00,FX,0
T02059,W0020,W0074,389273.64,2025-05-31 18:40:00,FX,0
T00571,W0006,W0063,506072.35,2025-05-31 11:04:00,USD,0
T01233,W0003,W0041,544012.6,2025-05-31 09:45:00,BOND,0
T09006,W0095,W0003,1043810.27,2025-05-31 07:50:29,FX,1
T02230,W0073,W0089,565137.08,2025-05-31 17:00:00,USD,0
T05739,W0023,W0100,496458.03,2025-05-31 10:46:00,BOND,0
T09159,W0079,W0057,1050372.04,2025-05-31 08:50:29,BOND,1
T05285,W0048,W0025,519491.31,2025-05-31 17:33:00,USD,0
T07888,W0042,W0079,1049402.38,2025-05-31 06:50:29,USD,1
T00562,W0028,W0048,384539.17,2025-05-31 15:33:00,FX,0
T05504,W0014,W0046,454505.14,2025-05-31 12:24:00,FX,0
T06449,W0015,W0080,488405.17,2025-05-31 11:49:00,BOND,0
T04119,W0089,W0057,487656.93,2025-05-31 17:47:00,FX,0
T00917,W0012,W0074,450171.02,2025-05-31 17:39:00,FX,0
T07948,W0037,W0027,1165177.86,2025-05-31 06:50:29,FX,1
T02842,W0073,W0003,380958.88,2025-05-31 16:57:00,BOND,0
T08121,W0018,W0097,1018271.65,2025-05-31 08:50:29,BOND,1
T01481,W0060,W0074,562057.45,2025-05-31 15:45:00,BOND,0
T04987,W0085,W0010,483434.46,2025-05-31 09:59:00,USD,0
T02566,W0095,W0003,444231.99,2025-05-31 11:50:00,FX,0
T07615,W0065,W0011,436290.94,2025-05-31 14:52:00,FX,0
T08678,W0019,W0056,1016822.38,2025-05-31 08:50:29,USD,1
T03495,W0076,W0020,459196.31,2025-05-31 16:22:00,FX,0
T07165,W0052,W0054,485966.58,2025-05-31 16:50:00,BOND,0
T03764,W0080,W0038,535406.04,2025-05-31 12:51:00,FX,0
T09668,W0043,W0097,1194316.87,2025-05-31 07:50:29,USD,1
T03578,W0028,W0093,504073.78,2025-05-31 14:33:00,USD,0
T09792,W0033,W0072,995160.44,2025-05-31 08:50:29,BOND,1
T09241,W0073,W0034,932927.06,2025-05-31 06:50:29,USD,1
T06531,W0045,W0037,501776.43,2025-05-31 18:16:00,USD,0
T02044,W0090,W0066,582567.73,2025-05-31 14:17:00,BOND,0
T02178,W0053,W0087,524012.73,2025-05-31 13:11:00,FX,0
T07861,W0029,W0087,1168304.21,2025-05-31 08:50:29,USD,1
T05026,W0068,W0014,367017.29,2025-05-31 10:31:00,USD,0
T02760,W0063,W0045,499469.13,2025-05-31 16:35:00,FX,0
T02743,W0058,W0097,492045.18,2025-05-31 14:30:00,FX,0
T04491,W0065,W0028,582871.35,2025-05-31 15:28:00,BOND,0
T05129,W0030,W0071,489864.56,2025-05-31 18:52:00,FX,0
T08636,W0038,W0016,957841.98,2025-05-31 07:50:29,BOND,1
T01373,W0087,W0065,427152.53,2025-05-31 11:37:00,USD,0
T03774,W0011,W0094,453780.1,2025-05-31 11:02:00,FX,0
T06217,W0082,W0087,561746.79,2025-05-31 10:04:00,USD,0
T00519,W0044,W0052,397706.13,2025-05-31 18:17:00,FX,0
T04599,W0014,W0099,547562.35,2025-05-31 16:36:00,USD,0
T01189,W0046,W0074,622340.86,2025-05-31 09:11:00,USD,0
T05119,W0039,W0039,513073.04,2025-05-31 14:23:00,USD,0
T04728,W0076,W0096,480418.92,2025-05-31 14:32:00,BOND,0
T05868,W0081,W0071,490658.36,2025-05-31 18:20:00,USD,0
T01330,W0030,W0093,515268.89,2025-05-31 10:36:00,USD,0
T04489,W0004,W0038,629769.98,2025-05-31 11:48:00,USD,0
T04301,W0001,W0036,463983.2,2025-05-31 10:00:00,USD,0
T09565,W0005,W0074,1180568.24,2025-05-31 08:50:29,USD,1
T06483,W0036,W0065,330724.82,2025-05-31 18:58:00,BOND,0
T03825,W0001,W0015,523860.29,2025-05-31 14:43:00,BOND,0
T07501,W0036,W0073,582841.78,2025-05-31 10:57:00,USD,0
T09715,W0082,W0007,1037473.91,2025-05-31 08:50:29,USD,1
T05866,W0045,W0060,583279.78,2025-05-31 11:04:00,FX,0
T03500,W0008,W0042,420811.51,2025-05-31 12:21:00,USD,0
T01088,W0047,W0030,360199.34,2025-05-31 11:43:00,FX,0
T05907,W0008,W0066,456959.79,2025-05-31 09:58:00,FX,0
T06593,W0015,W0013,417321.02,2025-05-31 11:43:00,USD,0
T03930,W0014,W0010,634848.78,2025-05-31 14:49:00,FX,0
T07453,W0049,W0053,579659.88,2025-05-31 09:48:00,BOND,0
T03685,W0062,W0052,535603.57,2025-05-31 16:13:00,USD,0
T09700,W0056,W0004,924014.35,2025-05-31 07:50:29,USD,1
T09447,W0086,W0076,1150313.48,2025-05-31 06:50:29,FX,1
T07837,W0097,W0003,931832.04,2025-05-31 07:50:29,USD,1
T06907,W0010,W0091,442290.54,2025-05-31 12:33:00,FX,0
T09709,W0070,W0058,981491.06,2025-05-31 06:50:29,USD,1
T08260,W0085,W0085,987943.8,2025-05-31 07:50:29,BOND,1
T04042,W0069,W0017,525711.26,2025-05-31 09:06:00,USD,0
T01573,W0084,W0014,554139.83,2025-05-31 10:09:00,USD,0
T00646,W0029,W0013,370073.25,2025-05-31 09:02:00,BOND,0
T04916,W0084,W0084,435795.32,2025-05-31 09:19:00,FX,0
T03113,W0051,W0027,429332.37,2025-05-31 11:23:00,USD,0
T09805,W0065,W0070,1147731.35,2025-05-31 06:50:29,BOND,1
T03675,W0014,W0025,391505.18,2025-05-31 09:55:00,BOND,0
T07575,W0027,W0070,504276.88,2025-05-31 10:59:00,USD,0
T00653,W0023,W0060,569857.81,2025-05-31 17:26:00,BOND,0
T08575,W0043,W0041,1163822.44,2025-05-31 06:50:29,USD,1
T00362,W0016,W0058,378784.01,2025-05-31 13:28:00,USD,0
T07695,W0043,W0073,1010928.33,2025-05-31 07:50:29,BOND,1
T09383,W0037,W0038,1184268.95,2025-05-31 08:50:29,FX,1
T07016,W0001,W0052,411556.6,2025-05-31 16:15:00,BOND,0
T08750,W0086,W0061,1142527.55,2025-05-31 07:50:29,BOND,1
T03531,W0022,W0008,577205.39,2025-05-31 14:28:00,USD,0
T02555,W0094,W0026,538161.37,2025-05-31 12:13:00,FX,0
T08143,W0016,W0073,1100987.42,2025-05-31 07:50:29,FX,1
T03451,W0007,W0018,572786.57,2025-05-31 12:35:00,BOND,0
T07192,W0058,W0008,641614.18,2025-05-31 09:01:00,USD,0
T02099,W0009,W0058,394135.63,2025-05-31 15:25:00,FX,0
T07557,W0096,W0036,560845.76,2025-05-31 15:40:00,FX,0
T05904,W0087,W0019,403792.89,2025-05-31 18:15:00,FX,0
T07245,W0072,W0045,402214.28,2025-05-31 13:29:00,USD,0
T02109,W0077,W0039,547891.58,2025-05-31 15:20:00,FX,0
T03277,W0072,W0018,672423.19,2025-05-31 12:28:00,USD,0
T07012,W0040,W0043,551474.36,2025-05-31 16:05:00,USD,0
T00939,W0034,W0094,508869.76,2025-05-31 11:31:00,USD,0
T08266,W0057,W0059,1046961.13,2025-05-31 08:50:29,USD,1
T08471,W0082,W0045,921058.5,2025-05-31 07:50:29,BOND,1
T02909,W0006,W0032,523281.9,2025-05-31 09:28:00,BOND,0
T02196,W0058,W0060,444424.73,2025-05-31 16:25:00,BOND,0
T05150,W0043,W0046,596460.16,2025-05-31 09:01:00,BOND,0
T08194,W0065,W0095,1169133.02,2025-05-31 06:50:29,USD,1
T04687,W0025,W0032,396773.59,2025-05-31 10:21:00,FX,0
T01422,W0042,W0039,448048.08,2025-05-31 10:14:00,BOND,0
T07851,W0005,W0048,1156688.23,2025-05-31 07:50:29,FX,1
T04030,W0037,W0100,435596.45,2025-05-31 14:33:00,FX,0
T00780,W0062,W0059,359974.22,2025-05-31 11:09:00,FX,0
T07798,W0056,W0045,1010542.84,2025-05-31 07:50:29,USD,1
T07758,W0019,W0094,1179580.39,2025-05-31 07:50:29,USD,1
T03963,W0058,W0078,565605.56,2025-05-31 12:27:00,BOND,0
T02519,W0002,W0044,466195.41,2025-05-31 09:38:00,USD,0
T01689,W0087,W0057,552272.74,2025-05-31 11:58:00,FX,0
T00684,W0089,W0033,527257.82,2025-05-31 17:12:00,USD,0
T08448,W0078,W0075,1188979.69,2025-05-31 07:50:29,USD,1
T00771,W0009,W0059,561246.16,2025-05-31 13:07:00,BOND,0
T09893,W0062,W0058,961910.24,2025-05-31 07:50:29,BOND,1
T03387,W0039,W0062,535614.94,2025-05-31 13:20:00,BOND,0
T09338,W0005,W0033,1011195.72,2025-05-31 07:50:29,BOND,1
T00247,W0046,W0067,665375.92,2025-05-31 09:02:00,FX,0
T06721,W0060,W0052,625156.91,2025-05-31 13:01:00,USD,0
T07762,W0084,W0011,1020836.82,2025-05-31 06:50:29,USD,1
T03944,W0021,W0032,526353.2,2025-05-31 10:28:00,BOND,0
T05893,W0098,W0021,398993.49,2025-05-31 14:04:00,USD,0
T04428,W0065,W0077,595721.02,2025-05-31 14:59:00,USD,0
T04311,W0059,W0095,464031.38,2025-05-31 14:16:00,FX,0
T04197,W0001,W0074,472446.02,2025-05-31 11:53:00,USD,0
T07375,W0098,W0091,554184.39,2025-05-31 13:46:00,FX,0
T08820,W0076,W0031,1121935.44,2025-05-31 06:50:29,USD,1
T03490,W0057,W0076,345297.21,2025-05-31 17:05:00,BOND,0
T01423,W0049,W0013,414693.76,2025-05-31 18:31:00,BOND,0
T06300,W0012,W0033,445515.7,2025-05-31 15:56:00,BOND,0
T05442,W0008,W0058,474987.28,2025-05-31 11:03:00,FX,0
T00374,W0093,W0053,346307.84,2025-05-31 14:11:00,FX,0
T01362,W0060,W0070,438977.0,2025-05-31 15:59:00,BOND,0
T07205,W0014,W0080,348695.77,2025-05-31 09:56:00,BOND,0
T04654,W0081,W0063,586041.6,2025-05-31 09:42:00,USD,0
T08062,W0030,W0078,1192852.62,2025-05-31 07:50:29,BOND,1
T01131,W0063,W0037,575034.81,2025-05-31 14:05:00,USD,0
T08470,W0076,W0052,1074794.56,2025-05-31 07:50:29,FX,1
T03457,W0068,W0098,544891.08,2025-05-31 16:15:00,USD,0
T01310,W0024,W0050,405423.91,2025-05-31 17:31:00,FX,0
T07454,W0002,W0053,531130.09,2025-05-31 15:53:00,USD,0
T04627,W0065,W0061,300001.79,2025-05-31 11:24:00,BOND,0
T08556,W0013,W0064,1083641.9,2025-05-31 07:50:29,FX,1
T07947,W0039,W0031,1163211.91,2025-05-31 06:50:29,FX,1
T05593,W0007,W0038,235567.06,2025-05-31 09:18:00,FX,0
T01250,W0007,W0005,466274.69,2025-05-31 16:47:00,BOND,0
T07182,W0049,W0066,547713.88,2025-05-31 09:00:00,FX,0
T01172,W0008,W0082,411594.14,2025-05-31 14:41:00,USD,0
T07907,W0046,W0092,932039.03,2025-05-31 07:50:29,FX,1
T06511,W0079,W0086,589235.08,2025-05-31 18:40:00,FX,0
T04095,W0071,W0020,579758.51,2025-05-31 16:34:00,FX,0
T05621,W0046,W0072,670209.9,2025-05-31 17:51:00,USD,0
T01060,W0076,W0014,397134.96,2025-05-31 10:16:00,USD,0
T04173,W0077,W0069,547070.77,2025-05-31 14:49:00,USD,0
T03004,W0078,W0050,530971.85,2025-05-31 18:26:00,FX,0
T09573,W0063,W0032,941307.57,2025-05-31 07:50:29,FX,1
T08593,W0026,W0074,995489.61,2025-05-31 07:50:29,FX,1
T09360,W0059,W0047,991248.12,2025-05-31 06:50:29,FX,1
T07618,W0004,W0052,511167.53,2025-05-31 15:41:00,FX,0
T03823,W0089,W0075,456274.65,2025-05-31 10:43:00,BOND,0
T01288,W0001,W0055,388189.08,2025-05-31 17:22:00,FX,0
T08235,W0093,W0096,1063292.52,2025-05-31 08:50:29,FX,1
T03247,W0077,W0064,507028.29,2025-05-31 11:52:00,USD,0
T06076,W0092,W0019,503641.59,2025-05-31 18:19:00,USD,0
T05024,W0074,W0070,529476.12,2025-05-31 16:41:00,FX,0
T08447,W0023,W0046,1123909.42,2025-05-31 06:50:29,USD,1
T06488,W0076,W0071,499973.56,2025-05-31 15:19:00,BOND,0
T00906,W0041,W0021,553329.57,2025-05-31 14:48:00,FX,0
T01322,W0061,W0082,485079.63,2025-05-31 13:16:00,USD,0
T09659,W0015,W0094,959447.3,2025-05-31 07:50:29,BOND,1
T00253,W0013,W0076,567230.53,2025-05-31 10:35:00,FX,0
T08979,W0083,W0073,965707.82,2025-05-31 08:50:29,BOND,1
T00711,W0062,W0006,448349.17,2025-05-31 13:16:00,USD,0
T00784,W0082,W0002,510725.15,2025-05-31 18:47:00,FX,0
T05182,W0079,W0084,455602.54,2025-05-31 09:36:00,USD,0
T00012,W0037,W0030,603897.04,2025-05-31 15:40:00,FX,0
T03565,W0053,W0049,536863.49,2025-05-31 17:14:00,BOND,0
T08441,W0045,W0089,1016283.26,2025-05-31 06:50:29,FX,1
T04540,W0052,W0080,629433.47,2025-05-31 15:50:00,FX,0
T05499,W0010,W0087,683884.05,2025-05-31 11:35:00,BOND,0
T06906,W0008,W0089,506748.69,2025-05-31 16:36:00,FX,0
T04552,W0014,W0041,446355.78,2025-05-31 16:38:00,USD,0
T07455,W0075,W0016,535139.94,2025-05-31 09:25:00,FX,0
T06046,W0062,W0010,465525.99,2025-05-31 13:51:00,FX,0
T07153,W0095,W0059,427364.36,2025-05-31 09:31:00,USD,0
T08941,W0073,W0080,1172934.62,2025-05-31 07:50:29,BOND,1
T02088,W0052,W0054,652760.18,2025-05-31 12:48:00,USD,0
T02607,W0087,W0067,519205.82,2025-05-31 10:58:00,USD,0
T00783,W0003,W0024,538944.78,2025-05-31 13:25:00,BOND,0
T06898,W0080,W0008,556332.36,2025-05-31 14:49:00,BOND,0
T09037,W0001,W0080,1040682.84,2025-05-31 06:50:29,FX,1
T07779,W0045,W0097,1079942.22,2025-05-31 07:50:29,BOND,1
T04166,W0059,W0080,504527.06,2025-05-31 14:47:00,USD,0
T09010,W0065,W0078,1060136.23,2025-05-31 06:50:29,USD,1
T01452,W0014,W0049,607921.29,2025-05-31 11:37:00,USD,0
T00798,W0091,W0095,585104.17,2025-05-31 18:12:00,USD,0
T03421,W0086,W0053,506045.06,2025-05-31 17:51:00,BOND,0
T06225,W0016,W0032,502329.37,2025-05-31 18:24:00,BOND,0
T07392,W0041,W0017,402238.3,2025-05-31 15:50:00,BOND,0
T06805,W0039,W0029,582812.21,2025-05-31 15:04:00,USD,0
T02831,W0006,W0015,497786.68,2025-05-31 10:03:00,FX,0
T04937,W0041,W0041,495375.33,2025-05-31 17:50:00,FX,0
T08417,W0067,W0062,1022639.52,2025-05-31 06:50:29,BOND,1
T04022,W0075,W0098,317658.03,2025-05-31 15:19:00,BOND,0
T02777,W0079,W0100,325431.93,2025-05-31 09:54:00,BOND,0
T00826,W0079,W0035,461611.1,2025-05-31 18:21:00,BOND,0
T02850,W0015,W0044,421717.77,2025-05-31 15:40:00,USD,0
T04395,W0066,W0082,394610.23,2025-05-31 12:17:00,FX,0
T02263,W0065,W0052,577091.67,2025-05-31 09:02:00,USD,0
T03643,W0064,W0035,524334.72,2025-05-31 09:24:00,USD,0
T08801,W0097,W0089,1076338.73,2025-05-31 06:50:29,BOND,1
T06201,W0077,W0062,473156.16,2025-05-31 12:41:00,FX,0
T00639,W0068,W0023,586096.05,2025-05-31 13:25:00,BOND,0
T08106,W0062,W0015,1071134.23,2025-05-31 08:50:29,FX,1
T04669,W0004,W0073,572744.55,2025-05-31 10:06:00,FX,0
T04001,W0090,W0044,576145.68,2025-05-31 17:38:00,USD,0
T02993,W0049,W0099,625404.21,2025-05-31 13:09:00,FX,0
T05305,W0071,W0054,488377.02,2025-05-31 18:00:00,USD,0
T09269,W0081,W0063,961846.37,2025-05-31 08:50:29,FX,1
T06103,W0035,W0014,455819.02,2025-05-31 12:17:00,FX,0
T05027,W0027,W0079,363743.12,2025-05-31 09:43:00,USD,0
T01897,W0061,W0058,577280.5,2025-05-31 18:12:00,BOND,0
T02947,W0083,W0082,561090.7,2025-05-31 12:40:00,BOND,0
T03313,W0071,W0027,607286.76,2025-05-31 14:00:00,FX,0
T03117,W0087,W0094,498028.48,2025-05-31 17:07:00,FX,0
T08939,W0093,W0098,1181696.02,2025-05-31 07:50:29,FX,1
T08934,W0060,W0046,932995.16,2025-05-31 08:50:29,FX,1
T06156,W0056,W0085,301327.9,2025-05-31 10:22:00,BOND,0
T06370,W0016,W0030,463182.21,2025-05-31 12:03:00,BOND,0
T03577,W0033,W0099,529960.52,2025-05-31 16:20:00,FX,0
T00729,W0084,W0079,557481.72,2025-05-31 14:37:00,FX,0
T03015,W0097,W0008,500336.79,2025-05-31 11:29:00,BOND,0
T01460,W0064,W0018,634187.69,2025-05-31 09:08:00,BOND,0
T09351,W0034,W0021,978625.47,2025-05-31 06:50:29,FX,1
T08551,W0088,W0028,1111651.19,2025-05-31 07:50:29,BOND,1
T06932,W0078,W0064,479413.64,2025-05-31 12:08:00,BOND,0
T00254,W0081,W0076,430373.52,2025-05-31 13:18:00,USD,0
T08149,W0050,W0002,918037.61,2025-05-31 06:50:29,BOND,1
T00899,W0033,W0009,522123.24,2025-05-31 09:02:00,USD,0
T04612,W0068,W0071,549950.3,2025-05-31 17:45:00,USD,0
T05114,W0043,W0007,395959.22,2025-05-31 12:20:00,BOND,0
T04278,W0053,W0038,494392.49,2025-05-31 17:35:00,BOND,0
T04059,W0014,W0014,616978.8,2025-05-31 12:56:00,USD,0
T07799,W0035,W0051,1184255.02,2025-05-31 08:50:29,BOND,1
T03842,W0036,W0093,488287.73,2025-05-31 15:34:00,BOND,0
T01793,W0086,W0082,269310.8,2025-05-31 12:57:00,FX,0
T01197,W0067,W0010,505437.75,2025-05-31 10:31:00,USD,0
T00316,W0005,W0094,558489.37,2025-05-31 18:55:00,USD,0
T07154,W0055,W0069,291368.28,2025-05-31 17:09:00,USD,0
T04634,W0063,W0073,403441.63,2025-05-31 14:25:00,BOND,0
T05005,W0084,W0047,497618.49,2025-05-31 09:05:00,USD,0
T09132,W0013,W0007,975584.09,2025-05-31 08:50:29,USD,1
T07945,W0075,W0027,1011733.64,2025-05-31 08:50:29,FX,1
T09638,W0088,W0061,1189822.44,2025-05-31 06:50:29,FX,1
T09536,W0091,W0028,920961.39,2025-05-31 06:50:29,FX,1
T00257,W0026,W0079,308521.89,2025-05-31 10:16:00,BOND,0
T00470,W0053,W0075,667383.22,2025-05-31 18:39:00,FX,0
T06722,W0004,W0015,533324.17,2025-05-31 18:59:00,FX,0
T07512,W0010,W0061,442447.07,2025-05-31 13:59:00,BOND,0
T06667,W0073,W0065,388370.54,2025-05-31 11:34:00,FX,0
T04170,W0059,W0041,392325.44,2025-05-31 15:18:00,FX,0
T04044,W0028,W0092,465675.52,2025-05-31 16:08:00,FX,0
T05726,W0010,W0034,490895.75,2025-05-31 16:18:00,USD,0
T04473,W0001,W0006,487948.58,2025-05-31 12:48:00,USD,0
T08831,W0030,W0049,945392.66,2025-05-31 08:50:29,BOND,1
T02673,W0045,W0069,577990.66,2025-05-31 12:17:00,USD,0
T05546,W0040,W0081,463076.57,2025-05-31 11:04:00,BOND,0
T02591,W0083,W0082,544928.34,2025-05-31 10:07:00,BOND,0
T03365,W0017,W0044,461851.01,2025-05-31 11:38:00,FX,0
T02081,W0001,W0007,609223.12,2025-05-31 10:46:00,USD,0
T01210,W0023,W0052,530828.86,2025-05-31 11:39:00,USD,0
T09195,W0042,W0017,939928.65,2025-05-31 07:50:29,USD,1
T07034,W0100,W0097,547168.76,2025-05-31 12:28:00,FX,0
T06619,W0050,W0082,528150.29,2025-05-31 12:46:00,USD,0
T02320,W0030,W0096,533722.51,2025-05-31 16:30:00,USD,0
T06767,W0080,W0012,470237.99,2025-05-31 13:49:00,FX,0
T06424,W0073,W0089,487135.82,2025-05-31 16:51:00,USD,0
T02877,W0067,W0082,544675.89,2025-05-31 11:07:00,USD,0
T02409,W0032,W0054,408953.84,2025-05-31 10:47:00,FX,0
T07039,W0058,W0005,318502.3,2025-05-31 09:29:00,FX,0
T01680,W0094,W0042,601450.35,2025-05-31 15:36:00,BOND,0
T07494,W0073,W0041,341235.91,2025-05-31 15:09:00,USD,0
T04206,W0076,W0003,521531.7,2025-05-31 17:39:00,FX,0
T02210,W0061,W0097,364210.19,2025-05-31 18:18:00,BOND,0
T00654,W0091,W0063,447182.43,2025-05-31 10:30:00,BOND,0
T00017,W0017,W0019,614143.05,2025-05-31 14:55:00,FX,0
T02374,W0069,W0074,466160.27,2025-05-31 10:11:00,BOND,0
T03816,W0046,W0006,637671.06,2025-05-31 09:38:00,USD,0
T06860,W0062,W0051,522022.82,2025-05-31 12:43:00,BOND,0
T05130,W0014,W0073,390640.44,2025-05-31 15:53:00,USD,0
T03860,W0067,W0057,499997.52,2025-05-31 12:55:00,USD,0
T00699,W0052,W0001,468609.76,2025-05-31 18:27:00,FX,0
T00082,W0091,W0051,474467.45,2025-05-31 11:25:00,FX,0
T07411,W0071,W0042,525351.04,2025-05-31 10:07:00,BOND,0
T08341,W0043,W0097,900633.8,2025-05-31 07:50:29,BOND,1
T05450,W0017,W0018,456189.69,2025-05-31 09:12:00,USD,0
T05310,W0003,W0003,441231.92,2025-05-31 12:54:00,BOND,0
T01691,W0082,W0077,622866.63,2025-05-31 14:36:00,FX,0
T05766,W0052,W0072,488671.39,2025-05-31 12:41:00,BOND,0
T01143,W0081,W0080,569115.13,2025-05-31 15:05:00,BOND,0
T03230,W0096,W0009,396214.77,2025-05-31 16:02:00,FX,0
T06484,W0025,W0095,419175.49,2025-05-31 13:42:00,FX,0
T09993,W0081,W0060,1175844.53,2025-05-31 08:50:29,FX,1
T01946,W0046,W0026,385411.49,2025-05-31 18:27:00,USD,0
T03599,W0017,W0085,461135.92,2025-05-31 12:19:00,USD,0
T08036,W0029,W0083,1198645.79,2025-05-31 08:50:29,FX,1
T09405,W0061,W0039,1130597.31,2025-05-31 08:50:29,FX,1
T08097,W0029,W0070,968632.74,2025-05-31 06:50:29,FX,1
T04811,W0010,W0049,577614.8,2025-05-31 15:14:00,BOND,0
T04845,W0078,W0096,484406.28,2025-05-31 10:05:00,BOND,0
T07282,W0098,W0048,578149.72,2025-05-31 12:02:00,FX,0
T06694,W0066,W0097,442909.99,2025-05-31 13:01:00,USD,0
T05515,W0081,W0082,453886.98,2025-05-31 15:00:00,USD,0
T00552,W0081,W0062,605582.29,2025-05-31 14:05:00,FX,0
T03604,W0029,W0005,499144.16,2025-05-31 10:35:00,FX,0
T07643,W0055,W0056,506705.46,2025-05-31 12:06:00,FX,0
T04997,W0002,W0009,440017.53,2025-05-31 13:54:00,FX,0
T09585,W0001,W0042,990099.27,2025-05-31 06:50:29,BOND,1
T04419,W0068,W0049,552494.35,2025-05-31 09:40:00,FX,0
T00463,W0027,W0046,565620.96,2025-05-31 15:07:00,BOND,0
T01570,W0051,W0071,598028.27,2025-05-31 13:13:00,FX,0
T08835,W0093,W0073,1005987.03,2025-05-31 08:50:29,USD,1
T04675,W0085,W0086,430832.4,2025-05-31 09:18:00,BOND,0
T08778,W0077,W0061,1123017.1,2025-05-31 07:50:29,USD,1
T01291,W0053,W0069,546199.65,2025-05-31 14:08:00,BOND,0
T02331,W0095,W0030,525036.62,2025-05-31 14:35:00,USD,0
T07213,W0089,W0013,455440.35,2025-05-31 18:04:00,BOND,0
T02822,W0074,W0074,585343.35,2025-05-31 13:06:00,USD,0
T03761,W0080,W0046,536095.36,2025-05-31 09:57:00,BOND,0
T05565,W0058,W0066,482441.32,2025-05-31 14:42:00,FX,0
T08676,W0094,W0002,1128558.57,2025-05-31 07:50:29,FX,1
T01673,W0004,W0089,299486.14,2025-05-31 16:23:00,USD,0
T08828,W0080,W0008,937733.08,2025-05-31 08:50:29,FX,1
T03184,W0071,W0064,524348.98,2025-05-31 16:42:00,USD,0
T04270,W0033,W0001,545946.24,2025-05-31 14:37:00,FX,0
T04842,W0012,W0082,455097.22,2025-05-31 16:06:00,BOND,0
T04160,W0060,W0073,534427.13,2025-05-31 11:18:00,FX,0
T00593,W0079,W0074,414193.29,2025-05-31 11:13:00,USD,0
T02049,W0097,W0016,418088.13,2025-05-31 18:45:00,FX,0
T06565,W0083,W0048,438451.63,2025-05-31 13:38:00,USD,0
T09784,W0004,W0053,1005841.04,2025-05-31 06:50:29,BOND,1
T03466,W0066,W0005,393773.24,2025-05-31 10:32:00,BOND,0
T09683,W0090,W0004,994335.79,2025-05-31 07:50:29,USD,1
T02985,W0043,W0084,426641.03,2025-05-31 10:28:00,FX,0
T07867,W0083,W0075,1024513.74,2025-05-31 07:50:29,FX,1
T00981,W0031,W0001,523999.23,2025-05-31 15:29:00,USD,0
T05975,W0074,W0056,533935.92,2025-05-31 09:05:00,BOND,0
T02882,W0083,W0100,602068.17,2025-05-31 09:59:00,USD,0
T05197,W0008,W0055,357363.91,2025-05-31 11:13:00,BOND,0
T00338,W0046,W0005,300103.43,2025-05-31 13:10:00,FX,0
T06068,W0044,W0005,556243.62,2025-05-31 10:31:00,USD,0
T02513,W0029,W0053,551152.13,2025-05-31 16:55:00,FX,0
T01021,W0065,W0025,599473.92,2025-05-31 10:11:00,BOND,0
T06810,W0057,W0064,514920.57,2025-05-31 09:34:00,USD,0
T08096,W0049,W0065,1113901.66,2025-05-31 07:50:29,BOND,1
T04594,W0039,W0019,496997.74,2025-05-31 12:51:00,BOND,0
T07706,W0019,W0006,1190945.84,2025-05-31 08:50:29,USD,1
T08473,W0091,W0036,906146.94,2025-05-31 08:50:29,FX,1
T00069,W0087,W0042,472311.1,2025-05-31 11:21:00,USD,0
T07170,W0002,W0045,478600.16,2025-05-31 16:02:00,USD,0
T00320,W0063,W0039,542058.21,2025-05-31 14:40:00,USD,0
T01127,W0066,W0092,545772.95,2025-05-31 17:33:00,BOND,0
T05814,W0011,W0054,527877.05,2025-05-31 18:05:00,USD,0
T00675,W0092,W0043,448915.25,2025-05-31 11:31:00,FX,0
T00727,W0061,W0079,530839.81,2025-05-31 09:38:00,FX,0
T03637,W0005,W0024,389173.05,2025-05-31 15:59:00,FX,0
T01770,W0083,W0022,444796.97,2025-05-31 10:36:00,USD,0
T09761,W0079,W0021,917410.66,2025-05-31 07:50:29,FX,1
T01360,W0083,W0049,525418.44,2025-05-31 16:28:00,BOND,0
T02988,W0017,W0041,487859.21,2025-05-31 14:15:00,BOND,0
T08395,W0003,W0017,1055051.77,2025-05-31 06:50:29,FX,1
T08398,W0093,W0053,1194298.38,2025-05-31 07:50:29,FX,1
T07397,W0027,W0004,508847.88,2025-05-31 13:59:00,USD,0
T00163,W0038,W0027,394696.42,2025-05-31 14:31:00,FX,0
T07149,W0080,W0075,460452.7,2025-05-31 18:51:00,BOND,0
T03226,W0098,W0008,529030.32,2025-05-31 18:53:00,BOND,0
T07295,W0055,W0013,509305.6,2025-05-31 17:27:00,FX,0
T03502,W0091,W0030,412871.5,2025-05-31 15:09:00,BOND,0
T03011,W0057,W0049,514650.19,2025-05-31 15:54:00,FX,0
T06753,W0059,W0018,426449.28,2025-05-31 09:16:00,USD,0
T08034,W0020,W0069,905384.33,2025-05-31 08:50:29,USD,1
T01733,W0044,W0009,615739.49,2025-05-31 15:01:00,BOND,0
T03729,W0062,W0093,505742.43,2025-05-31 09:30:00,BOND,0
T09991,W0085,W0086,1072208.52,2025-05-31 06:50:29,BOND,1
T08238,W0080,W0097,927845.37,2025-05-31 07:50:29,USD,1
T02937,W0023,W0010,634568.1,2025-05-31 13:51:00,FX,0
T09191,W0075,W0099,1026529.87,2025-05-31 07:50:29,BOND,1
T06883,W0071,W0059,444834.25,2025-05-31 17:25:00,FX,0
T02544,W0078,W0075,536548.84,2025-05-31 16:09:00,BOND,0
T00567,W0065,W0070,441440.73,2025-05-31 15:03:00,USD,0
T02400,W0007,W0047,609485.58,2025-05-31 10:34:00,FX,0
T04182,W0075,W0058,437551.36,2025-05-31 13:35:00,BOND,0
T01980,W0065,W0076,400070.44,2025-05-31 15:57:00,FX,0
T02259,W0048,W0087,544152.57,2025-05-31 18:44:00,USD,0
T01855,W0067,W0077,600619.86,2025-05-31 16:58:00,FX,0
T02653,W0080,W0011,436073.81,2025-05-31 16:52:00,FX,0
T01683,W0039,W0033,436479.55,2025-05-31 09:17:00,FX,0
T05317,W0089,W0082,537532.92,2025-05-31 10:19:00,FX,0
T09288,W0095,W0097,986245.61,2025-05-31 08:50:29,BOND,1
T05900,W0056,W0093,569105.85,2025-05-31 12:39:00,USD,0
T01702,W0041,W0070,520024.37,2025-05-31 10:10:00,BOND,0
T09475,W0099,W0015,907429.34,2025-05-31 06:50:29,USD,1
T06911,W0047,W0077,421529.1,2025-05-31 13:55:00,BOND,0
T03580,W0065,W0055,502038.72,2025-05-31 15:58:00,BOND,0
T04465,W0060,W0003,419246.87,2025-05-31 11:43:00,BOND,0
T01278,W0088,W0067,395900.91,2025-05-31 11:18:00,BOND,0
T02533,W0027,W0092,420761.86,2025-05-31 14:46:00,FX,0
T05226,W0051,W0092,502883.29,2025-05-31 17:55:00,USD,0
T05340,W0097,W0060,477769.06,2025-05-31 10:31:00,BOND,0
T01649,W0058,W0062,600808.33,2025-05-31 13:35:00,BOND,0
T00913,W0077,W0074,519439.48,2025-05-31 16:13:00,USD,0
T07353,W0002,W0057,452447.26,2025-05-31 12:58:00,USD,0
T04315,W0025,W0033,644740.13,2025-05-31 16:08:00,FX,0
T08638,W0062,W0056,1035089.68,2025-05-31 08:50:29,FX,1
T02083,W0063,W0085,388008.89,2025-05-31 15:17:00,BOND,0
T04992,W0087,W0023,390812.06,2025-05-31 11:33:00,USD,0
T03836,W0059,W0021,361076.18,2025-05-31 15:53:00,FX,0
T00518,W0030,W0015,480773.72,2025-05-31 17:41:00,BOND,0
T03621,W0020,W0076,491939.15,2025-05-31 13:49:00,BOND,0
T07233,W0054,W0039,639005.72,2025-05-31 11:54:00,USD,0
T06167,W0080,W0059,645687.13,2025-05-31 09:33:00,USD,0
T08899,W0051,W0014,908894.84,2025-05-31 08:50:29,BOND,1
T02972,W0012,W0084,491039.11,2025-05-31 17:31:00,BOND,0
T02295,W0004,W0022,401877.24,2025-05-31 15:07:00,BOND,0
T00660,W0048,W0002,393210.1,2025-05-31 15:32:00,BOND,0
T02826,W0071,W0033,350329.46,2025-05-31 14:18:00,FX,0
T00241,W0006,W0099,558110.98,2025-05-31 12:26:00,FX,0
T00980,W0092,W0030,549036.77,2025-05-31 16:18:00,BOND,0
T08993,W0068,W0058,1073026.86,2025-05-31 06:50:29,BOND,1
T02834,W0052,W0043,535189.11,2025-05-31 17:29:00,USD,0
T02008,W0026,W0014,595292.89,2025-05-31 17:16:00,FX,0
T06653,W0030,W0066,451207.3,2025-05-31 17:59:00,BOND,0
T03529,W0030,W0029,382420.25,2025-05-31 17:56:00,BOND,0
T02774,W0009,W0050,395088.47,2025-05-31 16:28:00,BOND,0
T00614,W0073,W0043,468374.98,2025-05-31 15:07:00,FX,0
T05747,W0025,W0070,606709.95,2025-05-31 09:31:00,USD,0
T02405,W0063,W0006,507962.45,2025-05-31 18:13:00,USD,0
T03661,W0042,W0046,420278.13,2025-05-31 10:53:00,USD,0
T04723,W0088,W0049,529720.23,2025-05-31 17:01:00,FX,0
T04338,W0036,W0056,503975.92,2025-05-31 11:37:00,BOND,0
T02391,W0054,W0064,469257.42,2025-05-31 18:11:00,USD,0
T01795,W0045,W0024,425884.61,2025-05-31 15:04:00,FX,0
T06254,W0002,W0009,423615.8,2025-05-31 17:56:00,BOND,0
T05192,W0077,W0036,427135.39,2025-05-31 18:53:00,USD,0
T08327,W0080,W0091,1183352.54,2025-05-31 07:50:29,FX,1
T03636,W0082,W0015,536677.0,2025-05-31 09:03:00,USD,0
T07223,W0030,W0078,608286.45,2025-05-31 17:25:00,USD,0
T01571,W0025,W0013,468514.8,2025-05-31 16:54:00,USD,0
T08362,W0064,W0044,926419.6,2025-05-31 07:50:29,BOND,1
T09796,W0092,W0069,1197172.69,2025-05-31 06:50:29,BOND,1
T09862,W0033,W0077,946136.61,2025-05-31 08:50:29,BOND,1
T05792,W0045,W0044,461304.33,2025-05-31 10:03:00,BOND,0
T09343,W0005,W0064,956975.28,2025-05-31 06:50:29,USD,1
T05116,W0032,W0087,583762.96,2025-05-31 18:51:00,USD,0
T06477,W0053,W0011,422588.24,2025-05-31 14:29:00,FX,0
T07905,W0028,W0061,1021697.34,2025-05-31 07:50:29,BOND,1
T05873,W0003,W0078,581710.43,2025-05-31 10:16:00,FX,0
T07574,W0093,W0016,574144.99,2025-05-31 10:48:00,USD,0
T09113,W0060,W0093,988939.61,2025-05-31 08:50:29,USD,1
T03883,W0051,W0088,591399.4,2025-05-31 16:41:00,BOND,0
T05685,W0068,W0071,456364.9,2025-05-31 16:41:00,BOND,0
T04767,W0049,W0076,440486.17,2025-05-31 15:47:00,FX,0
T02649,W0069,W0047,592851.29,2025-05-31 18:26:00,FX,0
T01138,W0045,W0029,559129.32,2025-05-31 09:16:00,USD,0
T06039,W0068,W0030,499352.27,2025-05-31 10:56:00,FX,0
T07424,W0050,W0015,510868.42,2025-05-31 18:01:00,BOND,0
T02368,W0041,W0033,468998.58,2025-05-31 10:52:00,FX,0
T00352,W0056,W0074,452204.72,2025-05-31 12:00:00,USD,0
T07341,W0082,W0062,513308.13,2025-05-31 17:54:00,USD,0
T05388,W0063,W0064,467599.88,2025-05-31 17:20:00,FX,0
T07556,W0085,W0082,423875.02,2025-05-31 12:57:00,FX,0
T01513,W0094,W0097,367776.11,2025-05-31 11:54:00,BOND,0
T06360,W0044,W0050,476072.36,2025-05-31 15:40:00,USD,0
T04595,W0001,W0068,678479.91,2025-05-31 10:35:00,BOND,0
T04180,W0077,W0027,593645.67,2025-05-31 15:58:00,FX,0
T06916,W0056,W0090,530398.8,2025-05-31 11:42:00,BOND,0
T00811,W0052,W0025,533987.83,2025-05-31 17:07:00,USD,0
T01272,W0089,W0036,662115.77,2025-05-31 12:21:00,BOND,0
T09592,W0062,W0078,1045597.83,2025-05-31 06:50:29,FX,1
T01670,W0051,W0081,518702.43,2025-05-31 15:25:00,BOND,0
T07818,W0029,W0078,1012499.93,2025-05-31 07:50:29,FX,1
T04514,W0040,W0062,562114.31,2025-05-31 10:00:00,BOND,0
T01647,W0034,W0007,462179.36,2025-05-31 11:26:00,USD,0
T09333,W0031,W0076,1035328.24,2025-05-31 06:50:29,FX,1
T07102,W0037,W0050,375543.37,2025-05-31 10:30:00,USD,0
T05649,W0085,W0008,540835.57,2025-05-31 14:42:00,FX,0
T04510,W0024,W0063,293429.09,2025-05-31 09:27:00,USD,0
T08423,W0084,W0029,1011188.5,2025-05-31 06:50:29,BOND,1
T08226,W0026,W0065,1164520.21,2025-05-31 06:50:29,USD,1
T04509,W0098,W0032,502619.02,2025-05-31 18:41:00,USD,0
T01062,W0016,W0012,493641.94,2025-05-31 11:46:00,BOND,0
T09744,W0002,W0027,1021178.55,2025-05-31 08:50:29,BOND,1
T05496,W0076,W0096,453641.78,2025-05-31 18:53:00,BOND,0
T07865,W0068,W0007,1102051.22,2025-05-31 08:50:29,USD,1
T02559,W0030,W0069,475929.89,2025-05-31 16:30:00,USD,0
T02262,W0022,W0040,609227.64,2025-05-31 11:04:00,FX,0
T08267,W0042,W0006,922925.53,2025-05-31 08:50:29,USD,1
T09263,W0085,W0031,1101231.13,2025-05-31 07:50:29,BOND,1
T09807,W0033,W0015,1071748.11,2025-05-31 08:50:29,BOND,1
T08212,W0098,W0038,1115755.92,2025-05-31 07:50:29,FX,1
T08183,W0023,W0024,1019929.55,2025-05-31 06:50:29,BOND,1
T07009,W0053,W0013,609854.66,2025-05-31 18:15:00,BOND,0
T07111,W0066,W0040,526970.88,2025-05-31 11:07:00,BOND,0
T07961,W0070,W0010,1031702.47,2025-05-31 07:50:29,FX,1
T05457,W0057,W0004,488143.46,2025-05-31 18:57:00,USD,0
T06191,W0009,W0004,572230.13,2025-05-31 09:26:00,USD,0
T05298,W0019,W0051,404355.59,2025-05-31 10:28:00,BOND,0
T00256,W0051,W0034,328489.89,2025-05-31 10:03:00,USD,0
T09432,W0021,W0022,1103633.3,2025-05-31 06:50:29,FX,1
T07235,W0090,W0080,622921.06,2025-05-31 15:08:00,USD,0
T06443,W0022,W0071,456900.68,2025-05-31 10:41:00,FX,0
T06223,W0016,W0080,479030.26,2025-05-31 13:06:00,BOND,0
T06778,W0040,W0012,616276.82,2025-05-31 09:48:00,BOND,0
T08150,W0097,W0091,1050303.04,2025-05-31 08:50:29,USD,1
T08784,W0027,W0099,1023675.38,2025-05-31 07:50:29,BOND,1
T01369,W0029,W0016,489184.53,2025-05-31 13:40:00,BOND,0
T00889,W0068,W0063,567658.08,2025-05-31 09:15:00,USD,0
T03408,W0019,W0053,324574.72,2025-05-31 14:14:00,FX,0
T04112,W0043,W0086,461645.99,2025-05-31 16:18:00,FX,0
T03708,W0081,W0079,513926.72,2025-05-31 10:13:00,BOND,0
T07606,W0085,W0078,514848.95,2025-05-31 17:10:00,BOND,0
T07176,W0088,W0093,400133.98,2025-05-31 18:51:00,USD,0
T01299,W0057,W0028,481740.32,2025-05-31 17:10:00,FX,0
T00797,W0037,W0043,496209.01,2025-05-31 17:25:00,BOND,0
T09564,W0053,W0005,1167403.28,2025-05-31 06:50:29,BOND,1
T09689,W0005,W0067,977407.91,2025-05-31 06:50:29,BOND,1
T08937,W0079,W0024,1191266.59,2025-05-31 06:50:29,USD,1
T00645,W0044,W0043,388014.13,2025-05-31 13:22:00,BOND,0
T03349,W0058,W0066,396804.96,2025-05-31 16:39:00,BOND,0
T02347,W0035,W0084,402933.45,2025-05-31 18:06:00,FX,0
T04900,W0074,W0030,448639.36,2025-05-31 10:35:00,FX,0
T02422,W0085,W0024,491414.49,2025-05-31 16:19:00,BOND,0
T06013,W0018,W0065,492319.77,2025-05-31 12:14:00,FX,0
T05666,W0060,W0052,416611.47,2025-05-31 13:34:00,FX,0
T06075,W0089,W0028,499666.4,2025-05-31 10:50:00,BOND,0
T03988,W0025,W0066,503556.97,2025-05-31 12:48:00,BOND,0
T07379,W0070,W0075,451729.82,2025-05-31 11:25:00,USD,0
T07892,W0055,W0006,972423.66,2025-05-31 07:50:29,BOND,1
T07590,W0048,W0068,486472.37,2025-05-31 14:52:00,BOND,0
T06165,W0010,W0074,532841.65,2025-05-31 12:44:00,BOND,0
T01904,W0089,W0083,551326.76,2025-05-31 18:02:00,FX,0
T08449,W0003,W0026,1184356.46,2025-05-31 07:50:29,FX,1
T08999,W0091,W0080,1044212.23,2025-05-31 06:50:29,BOND,1
T04015,W0043,W0052,588622.72,2025-05-31 10:02:00,BOND,0
T05329,W0083,W0022,468352.35,2025-05-31 19:00:00,BOND,0
T08558,W0028,W0009,1093073.63,2025-05-31 08:50:29,BOND,1
T05492,W0066,W0008,431081.96,2025-05-31 15:58:00,USD,0
T08924,W0026,W0022,1198244.11,2025-05-31 08:50:29,FX,1
T05908,W0017,W0099,614610.83,2025-05-31 15:34:00,FX,0
T05474,W0034,W0013,462619.42,2025-05-31 15:52:00,USD,0
T05979,W0015,W0071,543378.13,2025-05-31 16:12:00,BOND,0
T03201,W0099,W0077,549984.22,2025-05-31 18:41:00,FX,0
T01842,W0015,W0035,477607.79,2025-05-31 18:39:00,FX,0
T01560,W0099,W0016,511469.72,2025-05-31 13:37:00,BOND,0
T07350,W0094,W0058,511259.04,2025-05-31 13:02:00,USD,0
T04745,W0085,W0012,581042.41,2025-05-31 17:24:00,USD,0
T09707,W0005,W0016,1070213.3,2025-05-31 06:50:29,USD,1
T05465,W0082,W0030,412501.56,2025-05-31 09:46:00,BOND,0
T00748,W0060,W0091,448648.78,2025-05-31 17:33:00,USD,0
T00813,W0018,W0073,480208.36,2025-05-31 10:51:00,USD,0
T00303,W0026,W0046,529084.98,2025-05-31 15:23:00,BOND,0
T06382,W0083,W0056,359507.73,2025-05-31 09:18:00,BOND,0
T03401,W0016,W0049,438608.89,2025-05-31 10:08:00,FX,0
T08990,W0023,W0046,1086849.26,2025-05-31 06:50:29,FX,1
T05518,W0100,W0100,532666.51,2025-05-31 14:27:00,FX,0
T06017,W0071,W0007,502606.2,2025-05-31 17:33:00,USD,0
T06617,W0082,W0072,758898.97,2025-05-31 13:48:00,FX,0
T05533,W0066,W0074,308656.08,2025-05-31 12:05:00,BOND,0
T02126,W0087,W0009,413174.02,2025-05-31 16:20:00,FX,0
T04726,W0027,W0066,536566.04,2025-05-31 09:39:00,FX,0
T08856,W0025,W0001,1157030.93,2025-05-31 06:50:29,BOND,1
T01667,W0068,W0057,419247.8,2025-05-31 09:38:00,BOND,0
T06691,W0071,W0077,537830.77,2025-05-31 12:18:00,USD,0
T01776,W0019,W0028,588137.71,2025-05-31 16:56:00,FX,0
T07727,W0025,W0065,920005.96,2025-05-31 07:50:29,USD,1
T06639,W0050,W0062,574790.93,2025-05-31 09:03:00,USD,0
T05805,W0093,W0091,462060.21,2025-05-31 11:57:00,BOND,0
T03809,W0053,W0002,688959.18,2025-05-31 13:55:00,BOND,0
T04107,W0071,W0062,606751.16,2025-05-31 15:42:00,BOND,0
T09429,W0047,W0040,998197.87,2025-05-31 06:50:29,USD,1
T08747,W0061,W0061,1194491.03,2025-05-31 07:50:29,USD,1
T03540,W0097,W0027,446787.09,2025-05-31 09:42:00,FX,0
T08788,W0096,W0025,920609.76,2025-05-31 08:50:29,BOND,1
T05848,W0075,W0031,595966.45,2025-05-31 13:10:00,BOND,0
T07630,W0044,W0023,537049.17,2025-05-31 15:46:00,FX,0
T08803,W0061,W0072,953832.75,2025-05-31 07:50:29,FX,1
T09781,W0034,W0064,936094.74,2025-05-31 07:50:29,USD,1
T05858,W0013,W0028,469967.17,2025-05-31 11:15:00,USD,0
T02609,W0083,W0076,412757.69,2025-05-31 13:15:00,BOND,0
T07914,W0067,W0026,996454.22,2025-05-31 06:50:29,BOND,1
T04747,W0003,W0020,544765.02,2025-05-31 11:22:00,USD,0
T06571,W0060,W0064,358464.35,2025-05-31 16:57:00,BOND,0
T05581,W0047,W0029,499474.63,2025-05-31 16:56:00,BOND,0
T08980,W0069,W0096,967477.67,2025-05-31 06:50:29,USD,1
T09913,W0022,W0070,1095942.18,2025-05-31 06:50:29,USD,1
T09236,W0038,W0032,1103419.74,2025-05-31 08:50:29,BOND,1
T08037,W0034,W0011,1108609.86,2025-05-31 07:50:29,BOND,1
T03905,W0002,W0045,446846.48,2025-05-31 09:41:00,BOND,0
T02229,W0012,W0069,493701.77,2025-05-31 15:48:00,USD,0
T04300,W0037,W0003,545215.18,2025-05-31 18:08:00,BOND,0
T03698,W0092,W0090,599351.14,2025-05-31 09:20:00,FX,0
T09706,W0087,W0033,1073834.08,2025-05-31 06:50:29,USD,1
T00952,W0004,W0061,396671.08,2025-05-31 15:49:00,BOND,0
T02121,W0081,W0015,452737.02,2025-05-31 11:38:00,USD,0
T06959,W0008,W0050,422895.02,2025-05-31 17:47:00,USD,0
T08657,W0074,W0012,1115399.12,2025-05-31 07:50:29,FX,1
T07104,W0028,W0026,373720.84,2025-05-31 15:24:00,BOND,0
T08850,W0034,W0067,1087800.01,2025-05-31 08:50:29,USD,1
T01698,W0071,W0030,565373.15,2025-05-31 10:41:00,FX,0
T06750,W0078,W0064,537148.17,2025-05-31 09:49:00,BOND,0
T01443,W0098,W0013,453639.51,2025-05-31 13:49:00,USD,0
T05397,W0099,W0002,366342.13,2025-05-31 15:23:00,BOND,0
T01424,W0062,W0057,662665.11,2025-05-31 16:05:00,BOND,0
T08165,W0082,W0032,1127893.72,2025-05-31 08:50:29,BOND,1
T08354,W0014,W0061,1043527.58,2025-05-31 07:50:29,BOND,1
T06420,W0011,W0050,407690.13,2025-05-31 15:15:00,USD,0
T03828,W0028,W0058,392432.63,2025-05-31 10:05:00,USD,0
T02242,W0017,W0018,574420.59,2025-05-31 17:19:00,FX,0
T05738,W0032,W0060,540581.17,2025-05-31 15:45:00,USD,0
T08429,W0038,W0038,1066424.92,2025-05-31 07:50:29,USD,1
T08321,W0005,W0036,1080302.09,2025-05-31 06:50:29,FX,1
T07722,W0030,W0055,946884.35,2025-05-31 07:50:29,BOND,1
T03307,W0066,W0018,465574.58,2025-05-31 10:19:00,FX,0
T08572,W0038,W0067,1160410.39,2025-05-31 07:50:29,FX,1
T05524,W0082,W0022,399636.25,2025-05-31 12:57:00,USD,0
T09625,W0009,W0069,1195475.74,2025-05-31 07:50:29,FX,1
T01766,W0052,W0013,564130.19,2025-05-31 11:23:00,FX,0
T05569,W0017,W0094,591684.27,2025-05-31 17:47:00,FX,0
T07021,W0042,W0004,511291.79,2025-05-31 10:21:00,USD,0
T04438,W0011,W0001,551409.26,2025-05-31 10:17:00,BOND,0
T01910,W0079,W0046,494333.76,2025-05-31 17:32:00,FX,0
T02675,W0023,W0015,592276.32,2025-05-31 10:23:00,FX,0
T05370,W0085,W0081,470938.31,2025-05-31 17:22:00,USD,0
T02217,W0029,W0027,368971.55,2025-05-31 18:53:00,USD,0
T00283,W0056,W0096,625873.85,2025-05-31 13:47:00,BOND,0
T03147,W0004,W0012,386485.05,2025-05-31 14:54:00,FX,0
T06634,W0085,W0075,455949.78,2025-05-31 09:16:00,USD,0
T07028,W0085,W0067,481414.18,2025-05-31 16:19:00,FX,0
T01694,W0063,W0074,465311.11,2025-05-31 09:17:00,BOND,0
T05279,W0004,W0067,413248.89,2025-05-31 12:04:00,BOND,0
T06540,W0064,W0087,531422.94,2025-05-31 18:58:00,USD,0
T08208,W0042,W0017,964094.29,2025-05-31 07:50:29,USD,1
T08436,W0040,W0014,1195553.78,2025-05-31 06:50:29,BOND,1
T00160,W0016,W0082,457124.62,2025-05-31 09:12:00,BOND,0
T00266,W0086,W0070,435099.32,2025-05-31 13:59:00,USD,0
T08042,W0007,W0017,1100744.85,2025-05-31 08:50:29,FX,1
T05802,W0025,W0090,548635.38,2025-05-31 16:44:00,USD,0
T07439,W0071,W0079,501153.73,2025-05-31 17:05:00,USD,0
T04392,W0099,W0042,485314.1,2025-05-31 13:48:00,BOND,0
T09566,W0002,W0052,1018418.51,2025-05-31 07:50:29,BOND,1
T00772,W0026,W0088,548902.85,2025-05-31 11:17:00,FX,0
T07443,W0021,W0100,431059.57,2025-05-31 17:47:00,FX,0
T05767,W0047,W0015,510233.9,2025-05-31 14:20:00,USD,0
T07394,W0023,W0001,626563.7,2025-05-31 15:52:00,FX,0
T03727,W0092,W0014,445596.85,2025-05-31 15:39:00,USD,0
T02901,W0056,W0071,499823.68,2025-05-31 11:34:00,BOND,0
T06202,W0039,W0060,574392.16,2025-05-31 16:06:00,BOND,0
T00870,W0055,W0014,474659.82,2025-05-31 15:02:00,FX,0
T04194,W0032,W0071,595739.55,2025-05-31 12:10:00,FX,0
T02284,W0051,W0062,362940.01,2025-05-31 11:28:00,USD,0
T00618,W0012,W0024,459129.76,2025-05-31 16:58:00,FX,0
T04192,W0050,W0009,565991.05,2025-05-31 16:36:00,USD,0
T06875,W0088,W0021,526148.94,2025-05-31 18:59:00,BOND,0
T08518,W0065,W0064,1049036.63,2025-05-31 07:50:29,BOND,1
T07533,W0095,W0025,426337.53,2025-05-31 17:55:00,USD,0
T02764,W0036,W0049,554398.61,2025-05-31 13:00:00,USD,0
T03996,W0070,W0006,431267.55,2025-05-31 13:11:00,FX,0
T01740,W0063,W0047,553087.04,2025-05-31 13:17:00,FX,0
T03467,W0060,W0070,476444.55,2025-05-31 10:58:00,BOND,0
T09753,W0021,W0068,1152156.92,2025-05-31 08:50:29,USD,1
T05097,W0032,W0057,544985.23,2025-05-31 14:31:00,FX,0
T05113,W0002,W0021,543086.98,2025-05-31 10:46:00,USD,0
T08155,W0036,W0087,995905.69,2025-05-31 08:50:29,BOND,1
T08782,W0098,W0068,1095263.1,2025-05-31 07:50:29,USD,1
T07029,W0085,W0006,580186.86,2025-05-31 14:19:00,USD,0
T08699,W0044,W0066,1139784.71,2025-05-31 08:50:29,USD,1
T06170,W0055,W0034,591849.4,2025-05-31 18:46:00,USD,0
T09412,W0041,W0093,939487.01,2025-05-31 07:50:29,FX,1
T07476,W0080,W0088,423387.65,2025-05-31 13:22:00,USD,0
T04159,W0019,W0079,522562.12,2025-05-31 09:15:00,USD,0
T04151,W0081,W0026,460036.48,2025-05-31 16:17:00,USD,0
T01843,W0019,W0064,417522.14,2025-05-31 18:22:00,BOND,0
T02127,W0078,W0010,412351.06,2025-05-31 16:19:00,FX,0
T08748,W0041,W0020,1028238.79,2025-05-31 08:50:29,USD,1
T06295,W0006,W0024,591287.39,2025-05-31 16:11:00,FX,0
T07020,W0019,W0028,546392.77,2025-05-31 10:40:00,BOND,0
T03632,W0029,W0034,441341.89,2025-05-31 11:12:00,FX,0
T04273,W0088,W0021,632373.29,2025-05-31 18:21:00,FX,0
T09775,W0066,W0055,1058776.03,2025-05-31 07:50:29,BOND,1
T07333,W0034,W0039,593688.13,2025-05-31 13:58:00,FX,0
T00132,W0006,W0017,567955.06,2025-05-31 14:56:00,FX,0
T06991,W0039,W0070,475489.51,2025-05-31 09:10:00,BOND,0
T02719,W0054,W0070,570725.03,2025-05-31 18:44:00,FX,0
T05132,W0018,W0056,473051.91,2025-05-31 14:47:00,USD,0
T01690,W0078,W0022,487690.7,2025-05-31 18:44:00,BOND,0
T05056,W0072,W0055,546252.09,2025-05-31 15:04:00,FX,0
T04843,W0053,W0082,387199.26,2025-05-31 09:30:00,BOND,0
T09307,W0074,W0097,1100461.72,2025-05-31 06:50:29,BOND,1
T01156,W0033,W0018,389890.95,2025-05-31 16:33:00,BOND,0
T01627,W0038,W0073,592865.53,2025-05-31 17:49:00,BOND,0
T05516,W0023,W0091,678726.69,2025-05-31 10:10:00,FX,0
T07331,W0048,W0061,467053.84,2025-05-31 09:21:00,USD,0
T04791,W0088,W0100,475130.8,2025-05-31 13:31:00,FX,0
T02726,W0027,W0094,479970.41,2025-05-31 12:36:00,FX,0
T02541,W0072,W0036,432531.52,2025-05-31 18:28:00,USD,0
T02531,W0081,W0068,381432.61,2025-05-31 18:06:00,USD,0
T04356,W0059,W0054,519853.11,2025-05-31 13:47:00,USD,0
T02881,W0027,W0023,458041.16,2025-05-31 17:11:00,BOND,0
T07600,W0041,W0034,591651.43,2025-05-31 13:27:00,BOND,0
T01885,W0075,W0087,513367.33,2025-05-31 18:52:00,FX,0
T09754,W0027,W0035,1025280.5,2025-05-31 07:50:29,FX,1
T06568,W0031,W0093,516071.54,2025-05-31 18:38:00,USD,0
T00605,W0040,W0052,502068.62,2025-05-31 18:23:00,USD,0
T02047,W0031,W0095,426357.15,2025-05-31 09:28:00,BOND,0
T05511,W0079,W0032,496566.86,2025-05-31 14:09:00,BOND,0
T08719,W0078,W0079,910381.87,2025-05-31 07:50:29,FX,1
T05335,W0094,W0055,561628.55,2025-05-31 09:02:00,BOND,0
T05584,W0030,W0055,609465.33,2025-05-31 09:07:00,USD,0
T01862,W0056,W0058,491986.26,2025-05-31 10:51:00,BOND,0
T01092,W0056,W0040,332094.86,2025-05-31 09:37:00,USD,0
T03612,W0040,W0053,504804.74,2025-05-31 12:49:00,BOND,0
T05103,W0025,W0052,556072.82,2025-05-31 09:10:00,BOND,0
T06422,W0060,W0060,475484.49,2025-05-31 14:50:00,FX,0
T02971,W0075,W0009,555271.09,2025-05-31 18:10:00,USD,0
T02101,W0088,W0035,671788.57,2025-05-31 17:25:00,USD,0
T07053,W0014,W0097,536723.54,2025-05-31 16:18:00,USD,0
T09496,W0069,W0072,1114148.39,2025-05-31 07:50:29,BOND,1
T08895,W0040,W0039,1098528.39,2025-05-31 06:50:29,USD,1
T09017,W0074,W0052,1132102.84,2025-05-31 08:50:29,USD,1
T00958,W0011,W0077,554982.38,2025-05-31 09:52:00,BOND,0
T05526,W0063,W0057,578451.36,2025-05-31 10:45:00,USD,0
T03748,W0022,W0025,443574.87,2025-05-31 18:52:00,USD,0
T00964,W0033,W0097,483858.16,2025-05-31 18:23:00,FX,0
T09421,W0044,W0042,986006.47,2025-05-31 06:50:29,USD,1
T08716,W0026,W0047,1164699.44,2025-05-31 08:50:29,BOND,1
T00044,W0048,W0016,519840.9,2025-05-31 10:53:00,FX,0
T08652,W0023,W0063,1108554.07,2025-05-31 07:50:29,BOND,1
T07592,W0080,W0010,643357.91,2025-05-31 12:04:00,FX,0
T05176,W0013,W0011,405341.66,2025-05-31 13:25:00,USD,0
T06193,W0088,W0075,651961.62,2025-05-31 09:18:00,USD,0
T00180,W0057,W0041,366960.31,2025-05-31 14:48:00,USD,0
T06395,W0013,W0086,703518.28,2025-05-31 10:11:00,BOND,0
T09488,W0057,W0050,1100431.99,2025-05-31 06:50:29,FX,1
T02186,W0022,W0037,542332.82,2025-05-31 14:17:00,FX,0
T07278,W0055,W0032,437649.64,2025-05-31 10:36:00,BOND,0
T01726,W0025,W0001,630028.4,2025-05-31 11:01:00,FX,0
T00560,W0045,W0074,539285.17,2025-05-31 10:13:00,USD,0
T07452,W0019,W0035,394544.64,2025-05-31 12:12:00,FX,0
T03455,W0001,W0098,548953.07,2025-05-31 10:29:00,BOND,0
T03441,W0010,W0032,550392.37,2025-05-31 17:59:00,FX,0
T07832,W0059,W0013,1188515.54,2025-05-31 08:50:29,USD,1
T08713,W0032,W0032,1102356.35,2025-05-31 08:50:29,BOND,1
T04513,W0057,W0044,575334.42,2025-05-31 15:52:00,BOND,0
T00118,W0097,W0007,575106.47,2025-05-31 15:35:00,BOND,0
T04122,W0024,W0057,573591.86,2025-05-31 14:28:00,FX,0
T04475,W0047,W0022,580406.61,2025-05-31 17:38:00,FX,0
T00640,W0098,W0015,485995.57,2025-05-31 09:48:00,BOND,0
T09163,W0064,W0071,937215.25,2025-05-31 07:50:29,USD,1
T04367,W0010,W0078,511206.99,2025-05-31 18:09:00,USD,0
T09167,W0093,W0079,1066769.49,2025-05-31 08:50:29,FX,1
T01026,W0009,W0012,620409.21,2025-05-31 17:52:00,FX,0
T02900,W0063,W0014,550241.13,2025-05-31 17:19:00,BOND,0
T00850,W0071,W0013,379442.81,2025-05-31 12:04:00,BOND,0
T05577,W0074,W0003,383614.8,2025-05-31 15:15:00,BOND,0
T00966,W0021,W0089,445802.9,2025-05-31 14:03:00,FX,0
T09334,W0028,W0077,1105346.0,2025-05-31 07:50:29,FX,1
T06627,W0093,W0030,584217.8,2025-05-31 15:32:00,FX,0
T09806,W0015,W0017,1177237.15,2025-05-31 06:50:29,USD,1
T00907,W0015,W0007,652054.05,2025-05-31 10:58:00,FX,0
T03635,W0029,W0094,474898.3,2025-05-31 12:55:00,FX,0
T00152,W0006,W0072,599252.26,2025-05-31 15:00:00,USD,0
T02474,W0069,W0069,465399.82,2025-05-31 15:09:00,USD,0
T01434,W0042,W0052,354753.85,2025-05-31 16:19:00,USD,0
T07694,W0032,W0080,1198075.72,2025-05-31 07:50:29,FX,1
T04416,W0075,W0073,609760.06,2025-05-31 18:39:00,BOND,0
T07956,W0075,W0069,1089359.6,2025-05-31 07:50:29,FX,1
T07767,W0083,W0049,1137307.9,2025-05-31 06:50:29,FX,1
T02708,W0070,W0062,369877.41,2025-05-31 16:26:00,FX,0
T03926,W0068,W0073,456742.4,2025-05-31 16:33:00,FX,0
T03085,W0068,W0075,600252.91,2025-05-31 10:27:00,USD,0
T04179,W0075,W0050,515174.22,2025-05-31 15:53:00,BOND,0
T04962,W0050,W0067,544004.86,2025-05-31 11:21:00,BOND,0
T02670,W0034,W0006,520951.81,2025-05-31 15:46:00,BOND,0
T07336,W0019,W0081,390950.92,2025-05-31 11:29:00,FX,0
T05851,W0068,W0031,453167.89,2025-05-31 16:17:00,USD,0
T04493,W0063,W0079,462073.42,2025-05-31 16:38:00,USD,0
T07048,W0066,W0046,607794.42,2025-05-31 15:05:00,FX,0
T07534,W0077,W0058,530760.5,2025-05-31 17:15:00,FX,0
T04874,W0015,W0032,576703.06,2025-05-31 16:39:00,USD,0
T02809,W0094,W0006,481310.77,2025-05-31 18:30:00,FX,0
T07042,W0070,W0086,538836.59,2025-05-31 15:50:00,FX,0
T08881,W0090,W0097,991569.11,2025-05-31 08:50:29,FX,1
T01492,W0033,W0009,619055.78,2025-05-31 13:13:00,FX,0
T05282,W0088,W0066,520952.74,2025-05-31 16:08:00,BOND,0
T03856,W0039,W0069,508555.05,2025-05-31 18:07:00,BOND,0
T08456,W0014,W0057,1094609.18,2025-05-31 08:50:29,USD,1
T04135,W0032,W0062,428042.87,2025-05-31 12:25:00,FX,0
T04815,W0025,W0086,683309.07,2025-05-31 09:15:00,USD,0
T03369,W0046,W0043,646190.4,2025-05-31 10:13:00,FX,0
T02104,W0098,W0008,559670.98,2025-05-31 10:16:00,BOND,0
T07716,W0039,W0058,1010387.6,2025-05-31 07:50:29,BOND,1
T08612,W0076,W0095,1109917.03,2025-05-31 08:50:29,BOND,1
T09461,W0091,W0007,1116198.77,2025-05-31 08:50:29,USD,1
T03797,W0064,W0084,634203.8,2025-05-31 17:09:00,FX,0
T06104,W0098,W0028,598954.02,2025-05-31 14:16:00,USD,0
T07573,W0070,W0076,376961.31,2025-05-31 17:22:00,FX,0
T02847,W0093,W0042,492460.14,2025-05-31 18:33:00,USD,0
T05725,W0025,W0100,472141.03,2025-05-31 18:12:00,USD,0
T05265,W0007,W0055,428128.67,2025-05-31 18:36:00,BOND,0
T03821,W0088,W0058,720700.17,2025-05-31 16:41:00,USD,0
T04573,W0084,W0026,413290.29,2025-05-31 17:43:00,FX,0
T06748,W0044,W0038,398013.4,2025-05-31 15:15:00,USD,0
T09398,W0067,W0045,1187427.55,2025-05-31 06:50:29,FX,1
T04721,W0011,W0016,508175.32,2025-05-31 09:42:00,BOND,0
T02360,W0030,W0001,421198.99,2025-05-31 16:03:00,BOND,0
T09211,W0066,W0081,916584.28,2025-05-31 08:50:29,BOND,1
T09026,W0065,W0048,1190918.19,2025-05-31 08:50:29,FX,1
T07549,W0041,W0027,413172.62,2025-05-31 13:02:00,FX,0
T02194,W0098,W0049,565181.47,2025-05-31 11:26:00,BOND,0
T07730,W0012,W0068,1031980.09,2025-05-31 06:50:29,USD,1
T00926,W0045,W0002,599316.55,2025-05-31 09:08:00,BOND,0
T07368,W0089,W0087,342457.77,2025-05-31 14:23:00,USD,0
T03619,W0053,W0031,509893.76,2025-05-31 13:19:00,FX,0
T00820,W0026,W0079,425834.8,2025-05-31 13:14:00,USD,0
T06090,W0015,W0042,670386.48,2025-05-31 16:57:00,USD,0
T01200,W0073,W0070,536139.23,2025-05-31 17:09:00,FX,0
T09755,W0020,W0043,1006296.85,2025-05-31 07:50:29,BOND,1
T08708,W0085,W0059,1086485.78,2025-05-31 08:50:29,USD,1
T00841,W0069,W0061,591325.69,2025-05-31 13:25:00,USD,0
T04097,W0036,W0072,533866.84,2025-05-31 11:04:00,FX,0
T09142,W0068,W0028,1136165.11,2025-05-31 06:50:29,BOND,1
T08397,W0005,W0076,924043.24,2025-05-31 08:50:29,FX,1
T08799,W0049,W0087,1046777.47,2025-05-31 08:50:29,USD,1
T06644,W0098,W0097,532296.41,2025-05-31 09:11:00,BOND,0
T05745,W0087,W0082,397222.34,2025-05-31 11:51:00,USD,0
T02314,W0022,W0035,650334.66,2025-05-31 09:42:00,BOND,0
T06356,W0037,W0068,455819.12,2025-05-31 17:30:00,USD,0
T04533,W0099,W0051,428990.05,2025-05-31 13:42:00,FX,0
T08073,W0031,W0080,1152341.81,2025-05-31 06:50:29,FX,1
T06237,W0048,W0091,427684.68,2025-05-31 17:43:00,FX,0
T07759,W0049,W0002,1169462.87,2025-05-31 06:50:29,BOND,1
T05707,W0051,W0056,696240.09,2025-05-31 15:10:00,FX,0
T07794,W0072,W0046,940145.46,2025-05-31 07:50:29,FX,1
T03233,W0100,W0088,575230.59,2025-05-31 18:17:00,FX,0
T06586,W0053,W0017,606801.9,2025-05-31 13:44:00,BOND,0
T03592,W0062,W0061,390053.15,2025-05-31 12:32:00,FX,0
T03469,W0020,W0011,480516.25,2025-05-31 14:29:00,BOND,0
T01830,W0068,W0010,562222.52,2025-05-31 14:44:00,BOND,0
T05201,W0057,W0041,519303.45,2025-05-31 14:49:00,BOND,0
T08357,W0079,W0054,1071070.36,2025-05-31 08:50:29,USD,1
T08370,W0004,W0056,1031878.45,2025-05-31 07:50:29,FX,1
T05094,W0089,W0085,662494.18,2025-05-31 09:07:00,FX,0
T01835,W0069,W0017,418179.8,2025-05-31 11:35:00,BOND,0
T00663,W0059,W0001,557208.04,2025-05-31 17:38:00,BOND,0
T06139,W0054,W0053,563396.94,2025-05-31 09:27:00,BOND,0
T06908,W0001,W0093,598582.7,2025-05-31 12:16:00,BOND,0
T03686,W0040,W0076,699111.59,2025-05-31 10:20:00,FX,0
T07966,W0075,W0040,915626.17,2025-05-31 07:50:29,USD,1
T00724,W0090,W0023,515699.54,2025-05-31 15:29:00,BOND,0
T08272,W0019,W0026,1057231.16,2025-05-31 06:50:29,FX,1
T03614,W0046,W0089,530547.15,2025-05-31 15:02:00,BOND,0
T04988,W0068,W0006,588440.64,2025-05-31 18:04:00,FX,0
T07364,W0021,W0014,533953.52,2025-05-31 18:47:00,USD,0
T01333,W0057,W0043,402706.43,2025-05-31 13:51:00,USD,0
T05963,W0055,W0062,502348.56,2025-05-31 09:27:00,BOND,0
T04836,W0074,W0076,566170.06,2025-05-31 12:10:00,BOND,0
T01974,W0092,W0004,566762.85,2025-05-31 11:15:00,USD,0
T05039,W0016,W0076,441441.78,2025-05-31 16:45:00,BOND,0
T03787,W0089,W0040,451457.23,2025-05-31 14:40:00,USD,0
T09670,W0060,W0080,1016353.89,2025-05-31 06:50:29,BOND,1
T09044,W0073,W0082,971630.72,2025-05-31 07:50:29,BOND,1
T05281,W0005,W0056,464934.66,2025-05-31 13:44:00,USD,0
T04014,W0076,W0051,428762.54,2025-05-31 12:57:00,BOND,0
T00109,W0032,W0070,375539.31,2025-05-31 17:20:00,BOND,0
T07041,W0080,W0059,622436.43,2025-05-31 16:23:00,FX,0
T06804,W0089,W0024,629571.93,2025-05-31 14:09:00,BOND,0
T05869,W0025,W0095,571577.02,2025-05-31 09:43:00,BOND,0
T01355,W0015,W0094,657293.56,2025-05-31 16:21:00,BOND,0
T07382,W0060,W0063,579868.3,2025-05-31 17:26:00,FX,0
T08175,W0031,W0062,1091463.01,2025-05-31 08:50:29,USD,1
T05697,W0060,W0040,630966.18,2025-05-31 11:12:00,BOND,0
T09157,W0027,W0072,945982.1,2025-05-31 08:50:29,BOND,1
T02806,W0001,W0073,487551.0,2025-05-31 15:29:00,FX,0
T06936,W0068,W0059,314825.87,2025-05-31 11:02:00,FX,0
T05075,W0028,W0085,566224.78,2025-05-31 12:22:00,FX,0
T08525,W0013,W0033,932860.51,2025-05-31 06:50:29,BOND,1
T04348,W0047,W0087,436848.16,2025-05-31 09:29:00,FX,0
T01986,W0091,W0100,490778.23,2025-05-31 16:18:00,BOND,0
T03026,W0017,W0054,405085.96,2025-05-31 16:26:00,FX,0
T00187,W0024,W0072,497117.85,2025-05-31 17:24:00,USD,0
T06816,W0029,W0011,371735.11,2025-05-31 14:55:00,BOND,0
T05789,W0083,W0072,549152.91,2025-05-31 16:34:00,FX,0
T07345,W0062,W0065,550760.72,2025-05-31 11:45:00,BOND,0
T07748,W0013,W0082,924261.1,2025-05-31 06:50:29,USD,1
T06322,W0050,W0017,543333.41,2025-05-31 17:28:00,FX,0
T05804,W0057,W0049,451779.81,2025-05-31 09:54:00,BOND,0
T06880,W0045,W0042,557589.39,2025-05-31 12:37:00,BOND,0
T09949,W0061,W0087,1152076.34,2025-05-31 07:50:29,FX,1
T02361,W0001,W0090,495704.52,2025-05-31 12:08:00,BOND,0
T09954,W0011,W0091,953285.91,2025-05-31 08:50:29,FX,1
T07355,W0085,W0072,462077.59,2025-05-31 17:16:00,FX,0
T07707,W0085,W0003,928710.14,2025-05-31 06:50:29,USD,1
T09849,W0089,W0014,1167746.89,2025-05-31 07:50:29,USD,1
T03929,W0026,W0079,382489.72,2025-05-31 13:41:00,FX,0
T09420,W0019,W0062,1010122.1,2025-05-31 08:50:29,USD,1
T00197,W0041,W0055,399092.21,2025-05-31 14:26:00,BOND,0
T03254,W0074,W0033,533596.85,2025-05-31 13:30:00,USD,0
T05880,W0005,W0001,556229.65,2025-05-31 13:11:00,USD,0
T05128,W0039,W0010,501250.54,2025-05-31 10:05:00,BOND,0
T05202,W0055,W0009,467767.74,2025-05-31 18:36:00,BOND,0
T01169,W0053,W0094,545505.19,2025-05-31 13:22:00,FX,0
T08968,W0030,W0015,1088311.54,2025-05-31 08:50:29,BOND,1
T04587,W0086,W0071,402562.91,2025-05-31 09:22:00,USD,0
T09578,W0031,W0074,992155.19,2025-05-31 08:50:29,BOND,1
T07831,W0045,W0059,1115804.27,2025-05-31 07:50:29,BOND,1
T01693,W0049,W0071,440492.91,2025-05-31 13:02:00,USD,0
T06662,W0028,W0009,410494.45,2025-05-31 18:36:00,USD,0
T09810,W0085,W0040,993122.06,2025-05-31 06:50:29,USD,1
T04218,W0082,W0004,589428.89,2025-05-31 17:59:00,USD,0
T06703,W0007,W0037,379355.47,2025-05-31 15:41:00,USD,0
T04637,W0005,W0095,651035.53,2025-05-31 12:46:00,FX,0
T09417,W0074,W0089,911297.81,2025-05-31 06:50:29,BOND,1
T08485,W0011,W0016,927353.69,2025-05-31 08:50:29,FX,1
T02623,W0094,W0058,564538.19,2025-05-31 14:16:00,FX,0
T00177,W0069,W0059,643387.17,2025-05-31 13:32:00,BOND,0
T09164,W0089,W0072,1027825.96,2025-05-31 07:50:29,FX,1
T05624,W0096,W0092,482862.68,2025-05-31 15:46:00,USD,0
T05488,W0017,W0043,563765.11,2025-05-31 15:21:00,USD,0
T09567,W0005,W0031,1185438.37,2025-05-31 08:50:29,USD,1
T00238,W0002,W0020,557400.5,2025-05-31 17:11:00,BOND,0
T02382,W0025,W0065,527681.96,2025-05-31 17:42:00,USD,0
T05234,W0055,W0049,461882.21,2025-05-31 10:11:00,FX,0
T08675,W0066,W0029,951362.74,2025-05-31 06:50:29,USD,1
T05109,W0076,W0032,424799.95,2025-05-31 09:38:00,BOND,0
T03338,W0073,W0023,460146.16,2025-05-31 15:32:00,FX,0
T04812,W0046,W0054,514530.76,2025-05-31 14:24:00,USD,0
T01237,W0061,W0100,501072.76,2025-05-31 16:35:00,FX,0
T05628,W0075,W0007,323229.06,2025-05-31 16:52:00,BOND,0
T00584,W0060,W0002,541414.22,2025-05-31 17:46:00,FX,0
T01037,W0078,W0073,466516.67,2025-05-31 10:07:00,BOND,0
T02150,W0005,W0026,578727.16,2025-05-31 10:43:00,BOND,0
T03424,W0021,W0095,423424.55,2025-05-31 09:58:00,FX,0
T05017,W0072,W0017,383397.89,2025-05-31 12:40:00,USD,0
T01247,W0063,W0027,503645.75,2025-05-31 09:07:00,USD,0
T00846,W0036,W0079,435914.64,2025-05-31 09:37:00,BOND,0
T09697,W0091,W0005,1110415.5,2025-05-31 06:50:29,FX,1
T02687,W0039,W0071,479517.58,2025-05-31 18:02:00,BOND,0
T01188,W0023,W0009,544365.3,2025-05-31 16:50:00,FX,0
T04003,W0072,W0074,518711.79,2025-05-31 18:40:00,USD,0
T03359,W0009,W0089,527216.83,2025-05-31 09:20:00,USD,0
T01312,W0086,W0090,498026.99,2025-05-31 10:57:00,USD,0
T06716,W0055,W0079,468025.83,2025-05-31 11:44:00,USD,0
T05688,W0065,W0064,421797.1,2025-05-31 09:41:00,FX,0
T09271,W0055,W0053,953878.92,2025-05-31 07:50:29,USD,1
T04121,W0030,W0058,585361.52,2025-05-31 16:37:00,USD,0
T03911,W0042,W0096,523902.55,2025-05-31 18:20:00,BOND,0
T01553,W0006,W0099,504318.76,2025-05-31 16:22:00,BOND,0
T04948,W0059,W0047,581604.07,2025-05-31 17:26:00,BOND,0
T06172,W0017,W0003,613547.57,2025-05-31 12:59:00,FX,0
T04073,W0019,W0095,542480.4,2025-05-31 15:25:00,FX,0
T06429,W0042,W0076,519238.46,2025-05-31 10:58:00,FX,0
T04198,W0086,W0022,603924.29,2025-05-31 11:40:00,USD,0
T08978,W0014,W0015,987603.91,2025-05-31 06:50:29,FX,1
T06628,W0077,W0074,503089.26,2025-05-31 13:15:00,USD,0
T08921,W0021,W0097,1076450.4,2025-05-31 07:50:29,USD,1
T01703,W0042,W0030,622315.07,2025-05-31 14:32:00,FX,0
T00149,W0061,W0006,481167.24,2025-05-31 16:27:00,USD,0
T09946,W0016,W0030,1105284.05,2025-05-31 07:50:29,FX,1
T04342,W0010,W0056,343415.43,2025-05-31 18:50:00,USD,0
T02231,W0073,W0033,672174.84,2025-05-31 10:43:00,USD,0
T03859,W0094,W0075,449468.49,2025-05-31 09:56:00,BOND,0
T01709,W0020,W0038,463812.63,2025-05-31 10:10:00,FX,0
T01971,W0086,W0056,648883.9,2025-05-31 12:40:00,FX,0
T09061,W0032,W0062,1184956.77,2025-05-31 06:50:29,BOND,1
T05916,W0088,W0032,352263.36,2025-05-31 12:49:00,FX,0
T09404,W0083,W0069,1164941.16,2025-05-31 06:50:29,FX,1
T04929,W0045,W0058,554036.76,2025-05-31 10:44:00,USD,0
T00292,W0069,W0059,533072.05,2025-05-31 14:55:00,FX,0
T06331,W0058,W0011,397892.6,2025-05-31 12:51:00,BOND,0
T07241,W0034,W0012,521382.38,2025-05-31 17:15:00,USD,0
T04781,W0075,W0053,364545.18,2025-05-31 15:36:00,FX,0
T00478,W0024,W0085,467560.54,2025-05-31 12:13:00,USD,0
T07395,W0041,W0007,570452.2,2025-05-31 13:20:00,BOND,0
T09336,W0077,W0002,962265.87,2025-05-31 06:50:29,USD,1
T02998,W0080,W0005,462406.64,2025-05-31 12:26:00,BOND,0
T08410,W0058,W0089,959455.33,2025-05-31 08:50:29,USD,1
T06534,W0078,W0030,625761.91,2025-05-31 14:22:00,USD,0
T00105,W0022,W0095,392425.66,2025-05-31 13:54:00,FX,0
T00473,W0082,W0088,485049.82,2025-05-31 16:08:00,BOND,0
T02920,W0080,W0011,475407.65,2025-05-31 09:56:00,BOND,0
T02332,W0082,W0004,548244.13,2025-05-31 09:27:00,FX,0
T08214,W0093,W0046,1058039.27,2025-05-31 06:50:29,USD,1
T06342,W0048,W0015,580555.73,2025-05-31 16:33:00,BOND,0
T04061,W0048,W0046,553056.86,2025-05-31 15:47:00,FX,0
T07991,W0007,W0078,1087102.8,2025-05-31 08:50:29,FX,1
T09916,W0002,W0071,986228.86,2025-05-31 06:50:29,BOND,1
T08686,W0026,W0047,994552.91,2025-05-31 06:50:29,FX,1
T07878,W0025,W0072,952769.16,2025-05-31 06:50:29,BOND,1
T02628,W0016,W0030,560859.95,2025-05-31 16:15:00,USD,0
T00029,W0083,W0015,522739.07,2025-05-31 12:41:00,BOND,0
T04759,W0076,W0088,380155.36,2025-05-31 11:03:00,FX,0
T00482,W0019,W0001,551781.87,2025-05-31 18:56:00,FX,0
T02236,W0076,W0033,405900.52,2025-05-31 15:10:00,FX,0
T03364,W0028,W0014,381139.27,2025-05-31 16:03:00,FX,0
T08908,W0023,W0022,1059370.15,2025-05-31 06:50:29,FX,1
T05759,W0068,W0030,518950.29,2025-05-31 17:05:00,USD,0
T07485,W0019,W0086,422399.36,2025-05-31 18:50:00,FX,0
T00076,W0003,W0009,524544.22,2025-05-31 13:27:00,BOND,0
T08552,W0023,W0085,950070.07,2025-05-31 07:50:29,USD,1
T06920,W0062,W0089,406420.99,2025-05-31 10:48:00,BOND,0
T03801,W0054,W0066,456663.0,2025-05-31 12:27:00,FX,0
T03320,W0033,W0027,558496.29,2025-05-31 18:15:00,BOND,0
T08393,W0074,W0057,944864.66,2025-05-31 08:50:29,BOND,1
T00546,W0055,W0041,442555.35,2025-05-31 15:39:00,BOND,0
T03116,W0088,W0088,475009.65,2025-05-31 17:58:00,FX,0
T02114,W0017,W0026,421442.52,2025-05-31 12:40:00,FX,0
T02403,W0054,W0052,526618.41,2025-05-31 14:41:00,BOND,0
T07228,W0010,W0018,671650.58,2025-05-31 17:57:00,FX,0
T03323,W0003,W0074,556477.36,2025-05-31 13:50:00,USD,0
T05217,W0011,W0078,448748.42,2025-05-31 14:42:00,FX,0
T09377,W0040,W0010,930135.12,2025-05-31 08:50:29,USD,1
T01942,W0003,W0082,388784.48,2025-05-31 17:48:00,USD,0
T09619,W0097,W0083,1123141.38,2025-05-31 07:50:29,USD,1
T05653,W0048,W0035,522081.93,2025-05-31 18:07:00,BOND,0
T05382,W0098,W0022,477001.35,2025-05-31 13:32:00,BOND,0
T04390,W0026,W0011,420849.79,2025-05-31 17:50:00,USD,0
T07124,W0091,W0069,498353.09,2025-05-31 11:11:00,FX,0
T02536,W0012,W0023,408224.38,2025-05-31 11:50:00,FX,0
T06678,W0080,W0037,547793.73,2025-05-31 09:01:00,BOND,0
T08271,W0001,W0025,1147931.35,2025-05-31 07:50:29,USD,1
T05091,W0022,W0088,476419.22,2025-05-31 16:47:00,BOND,0
T05638,W0016,W0058,472745.43,2025-05-31 09:37:00,BOND,0
T02379,W0098,W0065,589285.9,2025-05-31 15:19:00,USD,0
T05810,W0034,W0058,500711.69,2025-05-31 16:37:00,FX,0
T04579,W0033,W0033,469705.19,2025-05-31 17:53:00,BOND,0
T04949,W0056,W0074,376545.9,2025-05-31 14:31:00,FX,0
T08861,W0008,W0085,1069689.62,2025-05-31 07:50:29,USD,1
T02074,W0079,W0046,592935.68,2025-05-31 11:22:00,USD,0
T04063,W0089,W0055,470640.46,2025-05-31 13:56:00,BOND,0
T01484,W0064,W0100,397012.7,2025-05-31 11:00:00,USD,0
T06877,W0019,W0066,466112.56,2025-05-31 14:00:00,USD,0
T02718,W0061,W0067,534221.95,2025-05-31 15:41:00,USD,0
T08847,W0013,W0011,1055100.25,2025-05-31 07:50:29,BOND,1
T00286,W0070,W0072,545364.92,2025-05-31 09:36:00,FX,0
T05551,W0034,W0020,708436.99,2025-05-31 16:43:00,FX,0
T02130,W0064,W0096,506103.14,2025-05-31 14:42:00,BOND,0
T02266,W0051,W0024,418832.54,2025-05-31 14:35:00,USD,0
T05318,W0063,W0061,520336.2,2025-05-31 14:39:00,FX,0
T01597,W0080,W0087,428084.78,2025-05-31 12:13:00,USD,0
T03334,W0062,W0048,507555.62,2025-05-31 18:21:00,FX,0
T02682,W0069,W0044,406084.68,2025-05-31 11:11:00,USD,0
T02300,W0091,W0057,391776.08,2025-05-31 13:42:00,BOND,0
T04046,W0084,W0031,418639.22,2025-05-31 16:10:00,BOND,0
T09493,W0087,W0029,1193121.3,2025-05-31 06:50:29,BOND,1
T05656,W0082,W0010,424813.18,2025-05-31 10:28:00,USD,0
T06570,W0010,W0062,434968.4,2025-05-31 15:57:00,USD,0
T05110,W0003,W0042,363849.72,2025-05-31 10:12:00,FX,0
T08306,W0026,W0041,1049146.51,2025-05-31 07:50:29,FX,1
T09129,W0002,W0066,928097.09,2025-05-31 06:50:29,BOND,1
T00597,W0088,W0029,652106.58,2025-05-31 13:44:00,BOND,0
T06233,W0025,W0065,453861.19,2025-05-31 16:32:00,FX,0
T04048,W0063,W0014,545258.58,2025-05-31 09:19:00,USD,0
T09823,W0021,W0019,933004.72,2025-05-31 07:50:29,USD,1
T09587,W0055,W0045,933310.56,2025-05-31 08:50:29,FX,1
T00435,W0074,W0075,364425.5,2025-05-31 12:10:00,FX,0
T02454,W0098,W0064,388056.26,2025-05-31 15:28:00,BOND,0
T02197,W0003,W0044,542124.16,2025-05-31 17:54:00,FX,0
T08815,W0094,W0099,1143424.97,2025-05-31 07:50:29,BOND,1
T07270,W0032,W0080,477906.45,2025-05-31 14:01:00,FX,0
T08844,W0002,W0035,1172397.41,2025-05-31 07:50:29,FX,1
T00097,W0016,W0029,466654.64,2025-05-31 10:56:00,USD,0
T05583,W0004,W0001,455502.51,2025-05-31 18:28:00,USD,0
T00533,W0007,W0026,442758.95,2025-05-31 15:21:00,FX,0
T06626,W0018,W0081,474877.68,2025-05-31 12:17:00,BOND,0
T02087,W0007,W0090,488049.38,2025-05-31 12:14:00,BOND,0
T07462,W0064,W0038,430315.7,2025-05-31 10:08:00,BOND,0
T07142,W0020,W0034,452982.29,2025-05-31 15:56:00,BOND,0
T00186,W0090,W0023,512509.21,2025-05-31 16:12:00,USD,0
T05857,W0006,W0014,579744.71,2025-05-31 13:39:00,BOND,0
T09970,W0050,W0084,1146929.45,2025-05-31 08:50:29,FX,1
T01463,W0059,W0090,474912.56,2025-05-31 15:41:00,FX,0
T00854,W0047,W0087,509137.36,2025-05-31 11:50:00,BOND,0
T02696,W0040,W0095,391962.76,2025-05-31 13:51:00,BOND,0
T05913,W0073,W0033,487257.34,2025-05-31 18:50:00,BOND,0
T07774,W0044,W0059,903091.02,2025-05-31 07:50:29,USD,1
T05562,W0015,W0064,479637.34,2025-05-31 15:27:00,USD,0
T09905,W0039,W0071,1179572.14,2025-05-31 06:50:29,FX,1
T08830,W0022,W0036,1195494.52,2025-05-31 06:50:29,FX,1
T04816,W0081,W0077,546602.78,2025-05-31 13:32:00,BOND,0
T03439,W0036,W0018,357390.65,2025-05-31 11:14:00,FX,0
T05771,W0096,W0085,433842.66,2025-05-31 11:34:00,USD,0
T09909,W0092,W0056,1177253.06,2025-05-31 07:50:29,FX,1
T03855,W0051,W0039,426419.18,2025-05-31 16:02:00,USD,0
T09678,W0034,W0055,1038210.96,2025-05-31 08:50:29,FX,1
T02968,W0032,W0052,448138.09,2025-05-31 18:21:00,BOND,0
T05454,W0069,W0050,461661.39,2025-05-31 18:32:00,USD,0
T01402,W0055,W0005,495817.02,2025-05-31 18:50:00,BOND,0
T09168,W0031,W0042,1097853.69,2025-05-31 08:50:29,FX,1
T09318,W0054,W0087,934745.71,2025-05-31 06:50:29,BOND,1
T01142,W0079,W0023,445391.17,2025-05-31 11:10:00,BOND,0
T00146,W0064,W0071,554851.7,2025-05-31 12:26:00,USD,0
T08893,W0023,W0047,1087947.31,2025-05-31 08:50:29,BOND,1
T00135,W0070,W0011,434890.56,2025-05-31 13:59:00,FX,0
T04642,W0016,W0078,486869.21,2025-05-31 15:54:00,BOND,0
T00281,W0056,W0010,519498.48,2025-05-31 13:09:00,BOND,0
T02594,W0027,W0021,447468.72,2025-05-31 11:20:00,FX,0
T01341,W0012,W0058,350754.09,2025-05-31 18:50:00,BOND,0
T02251,W0022,W0051,409254.83,2025-05-31 17:50:00,FX,0
T09681,W0022,W0071,1110643.91,2025-05-31 08:50:29,BOND,1
T01572,W0065,W0043,370592.09,2025-05-31 09:46:00,USD,0
T06044,W0036,W0099,660198.56,2025-05-31 16:41:00,BOND,0
T03511,W0030,W0056,550275.16,2025-05-31 10:42:00,USD,0
T08800,W0017,W0007,1181433.19,2025-05-31 08:50:29,BOND,1
T07587,W0039,W0087,377961.25,2025-05-31 15:31:00,USD,0
T05266,W0076,W0009,361032.7,2025-05-31 13:34:00,BOND,0
T00486,W0035,W0071,453034.14,2025-05-31 10:02:00,FX,0
T00865,W0099,W0014,428542.7,2025-05-31 09:48:00,USD,0
T02865,W0033,W0071,430958.67,2025-05-31 15:17:00,FX,0
T08328,W0001,W0032,1142478.26,2025-05-31 07:50:29,BOND,1
T02046,W0013,W0096,536645.44,2025-05-31 11:54:00,USD,0
T06922,W0007,W0011,530562.49,2025-05-31 09:38:00,USD,0
T04719,W0001,W0083,518786.02,2025-05-31 16:47:00,FX,0
T06862,W0015,W0086,407323.67,2025-05-31 11:27:00,BOND,0
T06948,W0039,W0001,502807.25,2025-05-31 17:48:00,USD,0
T06391,W0031,W0060,540521.73,2025-05-31 16:13:00,FX,0
T01576,W0059,W0079,452508.8,2025-05-31 15:13:00,USD,0
T00577,W0028,W0093,609987.44,2025-05-31 10:13:00,USD,0
T03174,W0047,W0014,391886.21,2025-05-31 11:29:00,FX,0
T04871,W0044,W0091,620083.59,2025-05-31 12:42:00,USD,0
T04981,W0047,W0018,559729.99,2025-05-31 17:16:00,USD,0
T05081,W0077,W0095,549773.95,2025-05-31 14:14:00,USD,0
T06554,W0053,W0100,591930.39,2025-05-31 13:26:00,FX,0
T03385,W0068,W0064,486232.35,2025-05-31 13:51:00,BOND,0
T05006,W0071,W0040,465579.07,2025-05-31 09:08:00,FX,0
T09521,W0087,W0083,1056890.98,2025-05-31 07:50:29,FX,1
T00220,W0073,W0094,391798.08,2025-05-31 10:19:00,USD,0
T03411,W0023,W0099,501868.01,2025-05-31 09:05:00,BOND,0
T08019,W0018,W0013,1151582.37,2025-05-31 08:50:29,BOND,1
T03703,W0067,W0085,580903.85,2025-05-31 18:26:00,FX,0
T00855,W0064,W0041,563494.66,2025-05-31 11:12:00,USD,0
T04670,W0062,W0005,404410.35,2025-05-31 12:28:00,FX,0
T08295,W0034,W0068,938908.71,2025-05-31 06:50:29,USD,1
T09375,W0063,W0049,913255.42,2025-05-31 07:50:29,BOND,1
T02564,W0017,W0040,549476.24,2025-05-31 12:15:00,FX,0
T05788,W0046,W0074,550396.75,2025-05-31 14:14:00,USD,0
T01287,W0092,W0045,437901.89,2025-05-31 12:25:00,BOND,0
T03339,W0090,W0002,469490.16,2025-05-31 10:17:00,BOND,0
T05118,W0074,W0035,624382.02,2025-05-31 17:55:00,USD,0
T07294,W0092,W0017,512611.15,2025-05-31 11:53:00,USD,0
T05709,W0073,W0030,354774.96,2025-05-31 18:10:00,BOND,0
T02853,W0033,W0060,583801.01,2025-05-31 12:52:00,FX,0
T02502,W0080,W0006,425778.59,2025-05-31 15:54:00,USD,0
T07778,W0014,W0039,1072654.8,2025-05-31 08:50:29,FX,1
T06890,W0081,W0067,404340.16,2025-05-31 14:57:00,BOND,0
T04130,W0019,W0070,599263.85,2025-05-31 17:13:00,FX,0
T00951,W0040,W0052,571855.57,2025-05-31 18:03:00,USD,0
T07103,W0045,W0012,553321.88,2025-05-31 13:07:00,BOND,0
T01781,W0086,W0021,552777.23,2025-05-31 15:50:00,USD,0
T07671,W0026,W0058,1019572.6,2025-05-31 07:50:29,BOND,1
T08982,W0069,W0034,1056407.47,2025-05-31 06:50:29,USD,1
T08624,W0043,W0052,1031334.8,2025-05-31 07:50:29,FX,1
T04906,W0095,W0025,507921.2,2025-05-31 15:28:00,FX,0
T00259,W0017,W0084,346009.75,2025-05-31 14:20:00,FX,0
T01888,W0028,W0021,520863.31,2025-05-31 18:47:00,USD,0
T08069,W0025,W0046,946905.24,2025-05-31 08:50:29,FX,1
T05549,W0046,W0042,499162.91,2025-05-31 18:02:00,BOND,0
T07243,W0052,W0013,550488.29,2025-05-31 14:06:00,USD,0
T06160,W0066,W0018,533134.4,2025-05-31 14:53:00,BOND,0
T02328,W0034,W0079,543297.07,2025-05-31 09:17:00,FX,0
T04823,W0089,W0035,582232.13,2025-05-31 13:03:00,FX,0
T03763,W0003,W0024,297483.85,2025-05-31 11:30:00,FX,0
T02620,W0010,W0004,580015.92,2025-05-31 18:37:00,BOND,0
T02057,W0090,W0026,486480.2,2025-05-31 14:15:00,USD,0
T06771,W0087,W0034,380690.97,2025-05-31 14:33:00,USD,0
T02585,W0099,W0009,492925.26,2025-05-31 12:18:00,FX,0
T01812,W0053,W0002,389669.93,2025-05-31 18:08:00,FX,0
T07578,W0048,W0053,599347.89,2025-05-31 17:02:00,FX,0
T07802,W0079,W0042,1170390.83,2025-05-31 08:50:29,FX,1
T09431,W0036,W0050,1008583.83,2025-05-31 06:50:29,USD,1
T01435,W0058,W0014,421800.23,2025-05-31 11:28:00,BOND,0
T09643,W0042,W0080,1080097.38,2025-05-31 07:50:29,FX,1
T04490,W0047,W0065,509944.32,2025-05-31 15:25:00,FX,0
T04692,W0059,W0062,554575.08,2025-05-31 10:38:00,BOND,0
T01893,W0093,W0006,606577.36,2025-05-31 12:41:00,BOND,0
T08592,W0006,W0089,1006375.93,2025-05-31 08:50:29,BOND,1
T04320,W0037,W0070,700547.13,2025-05-31 10:28:00,BOND,0
T08491,W0031,W0025,1184260.54,2025-05-31 07:50:29,FX,1
T02516,W0010,W0090,601930.13,2025-05-31 13:06:00,FX,0
T09860,W0085,W0063,1183205.59,2025-05-31 08:50:29,BOND,1
T09045,W0066,W0030,907398.63,2025-05-31 07:50:29,USD,1
T05854,W0057,W0033,468205.19,2025-05-31 16:27:00,FX,0
T08792,W0020,W0047,1199344.66,2025-05-31 06:50:29,FX,1
T00468,W0043,W0006,387602.21,2025-05-31 15:52:00,USD,0
T02639,W0084,W0043,531142.98,2025-05-31 13:21:00,BOND,0
T06397,W0059,W0083,401061.31,2025-05-31 16:03:00,FX,0
T04414,W0041,W0047,404224.85,2025-05-31 14:31:00,BOND,0
T00775,W0076,W0079,383622.29,2025-05-31 13:06:00,FX,0
T09473,W0062,W0069,1063860.57,2025-05-31 06:50:29,FX,1
T09622,W0011,W0094,1057637.62,2025-05-31 07:50:29,FX,1
T07715,W0083,W0009,945710.15,2025-05-31 08:50:29,BOND,1
T00599,W0035,W0080,666693.98,2025-05-31 18:29:00,BOND,0
T01265,W0079,W0023,504862.64,2025-05-31 11:04:00,USD,0
T00459,W0009,W0042,512700.19,2025-05-31 12:57:00,FX,0
T01099,W0067,W0030,452743.23,2025-05-31 10:25:00,FX,0
T09453,W0094,W0087,1117579.49,2025-05-31 08:50:29,FX,1
T04094,W0054,W0089,559317.16,2025-05-31 13:12:00,USD,0
T07979,W0056,W0059,925833.94,2025-05-31 06:50:29,FX,1
T05539,W0093,W0096,626746.62,2025-05-31 12:02:00,FX,0
T09739,W0068,W0008,957093.67,2025-05-31 08:50:29,FX,1
T08051,W0051,W0070,1180356.91,2025-05-31 06:50:29,FX,1
T05786,W0099,W0012,568693.66,2025-05-31 12:47:00,USD,0
T08353,W0046,W0055,1067018.65,2025-05-31 07:50:29,BOND,1
T01646,W0047,W0019,422484.55,2025-05-31 14:10:00,BOND,0
T00490,W0025,W0086,553760.54,2025-05-31 15:54:00,FX,0
T03998,W0084,W0098,490066.09,2025-05-31 09:48:00,FX,0
T00376,W0018,W0097,529570.59,2025-05-31 15:21:00,BOND,0
T09797,W0039,W0068,1054311.4,2025-05-31 07:50:29,FX,1
T09822,W0051,W0003,953116.23,2025-05-31 07:50:29,FX,1
T02274,W0019,W0067,479304.73,2025-05-31 15:57:00,BOND,0
T06377,W0030,W0044,491368.62,2025-05-31 14:27:00,FX,0
T04399,W0001,W0057,607585.59,2025-05-31 10:14:00,USD,0
T07700,W0055,W0053,1146786.14,2025-05-31 08:50:29,USD,1
T07292,W0019,W0089,530586.74,2025-05-31 09:37:00,FX,0
T02212,W0055,W0011,414461.2,2025-05-31 18:54:00,FX,0
T01303,W0044,W0100,534086.65,2025-05-31 17:45:00,BOND,0
T07857,W0016,W0006,1155089.56,2025-05-31 06:50:29,FX,1
T07795,W0033,W0080,1084260.56,2025-05-31 06:50:29,BOND,1
T05169,W0017,W0092,504121.79,2025-05-31 15:34:00,FX,0
T02926,W0074,W0053,533788.8,2025-05-31 09:30:00,BOND,0
T01151,W0050,W0012,505564.6,2025-05-31 18:04:00,USD,0
T00248,W0022,W0022,535672.39,2025-05-31 11:43:00,USD,0
T00992,W0029,W0090,642081.25,2025-05-31 11:49:00,BOND,0
T02334,W0098,W0080,546429.51,2025-05-31 13:56:00,BOND,0
T04903,W0039,W0022,520291.55,2025-05-31 10:05:00,USD,0
T06365,W0051,W0084,613577.31,2025-05-31 13:34:00,USD,0
T03826,W0030,W0022,438521.73,2025-05-31 11:34:00,FX,0
T00523,W0004,W0062,531590.29,2025-05-31 13:44:00,BOND,0
T05608,W0042,W0074,609435.61,2025-05-31 18:18:00,FX,0
T05938,W0009,W0052,539325.3,2025-05-31 14:22:00,USD,0
T03545,W0039,W0086,567532.58,2025-05-31 18:09:00,USD,0
T09713,W0018,W0064,900092.02,2025-05-31 08:50:29,USD,1
T09752,W0069,W0002,928367.38,2025-05-31 08:50:29,FX,1
T01338,W0003,W0038,530319.7,2025-05-31 12:51:00,USD,0
T06915,W0022,W0089,481406.01,2025-05-31 18:52:00,BOND,0
T09205,W0032,W0055,1170561.08,2025-05-31 06:50:29,USD,1
T05640,W0029,W0060,501972.56,2025-05-31 12:23:00,USD,0
T08694,W0074,W0030,1023876.38,2025-05-31 06:50:29,FX,1
T07874,W0077,W0078,918361.85,2025-05-31 06:50:29,FX,1
T01822,W0035,W0096,518222.21,2025-05-31 15:15:00,FX,0
T02553,W0056,W0065,554321.3,2025-05-31 16:39:00,BOND,0
T02016,W0031,W0042,538384.04,2025-05-31 12:25:00,FX,0
T02517,W0020,W0065,499083.68,2025-05-31 12:47:00,FX,0
T05452,W0038,W0097,568950.08,2025-05-31 13:52:00,USD,0
T05521,W0076,W0006,520181.45,2025-05-31 09:05:00,BOND,0
T07179,W0060,W0065,515334.47,2025-05-31 17:03:00,BOND,0
T06491,W0048,W0012,401747.57,2025-05-31 15:33:00,BOND,0
T06199,W0024,W0023,546520.23,2025-05-31 16:19:00,BOND,0
T08944,W0005,W0093,905468.17,2025-05-31 06:50:29,FX,1
T05618,W0032,W0004,351153.09,2025-05-31 17:42:00,FX,0
T02618,W0081,W0083,499549.93,2025-05-31 16:57:00,BOND,0
T09049,W0076,W0063,1113464.13,2025-05-31 07:50:29,USD,1
T08617,W0078,W0069,927624.45,2025-05-31 07:50:29,USD,1
T02830,W0052,W0014,322377.32,2025-05-31 17:20:00,BOND,0
T07959,W0094,W0069,953816.91,2025-05-31 06:50:29,FX,1
T09717,W0053,W0007,941299.41,2025-05-31 08:50:29,USD,1
T07055,W0041,W0093,573838.6,2025-05-31 12:28:00,BOND,0
T03866,W0043,W0008,440606.0,2025-05-31 11:57:00,BOND,0
T02023,W0074,W0095,400697.47,2025-05-31 17:56:00,BOND,0
T07562,W0100,W0096,383370.12,2025-05-31 11:47:00,USD,0
T07568,W0051,W0076,472121.02,2025-05-31 10:16:00,BOND,0
T06884,W0003,W0096,559432.11,2025-05-31 12:32:00,BOND,0
T00891,W0048,W0031,607538.24,2025-05-31 11:03:00,USD,0
T02324,W0052,W0004,544920.99,2025-05-31 17:30:00,USD,0
T03739,W0059,W0004,568106.67,2025-05-31 16:56:00,USD,0
T03417,W0028,W0081,421596.7,2025-05-31 09:04:00,FX,0
T05422,W0099,W0100,563986.23,2025-05-31 12:32:00,FX,0
T02254,W0072,W0028,467094.97,2025-05-31 12:54:00,BOND,0
T00732,W0046,W0069,498086.94,2025-05-31 16:31:00,FX,0
T03419,W0002,W0091,536515.85,2025-05-31 16:14:00,FX,0
T08276,W0087,W0010,991573.66,2025-05-31 07:50:29,USD,1
T02011,W0043,W0070,438694.15,2025-05-31 16:49:00,BOND,0
T04729,W0059,W0078,307454.0,2025-05-31 18:05:00,FX,0
T04233,W0092,W0084,516925.81,2025-05-31 16:49:00,BOND,0
T03121,W0047,W0028,529697.56,2025-05-31 10:03:00,FX,0
T04188,W0095,W0080,424061.41,2025-05-31 11:56:00,FX,0
T03350,W0017,W0100,628813.21,2025-05-31 10:52:00,FX,0
T06433,W0029,W0018,510160.17,2025-05-31 16:27:00,FX,0
T00415,W0016,W0097,564310.09,2025-05-31 16:05:00,FX,0
T02891,W0054,W0026,607525.0,2025-05-31 18:39:00,FX,0
T02683,W0066,W0090,459781.97,2025-05-31 12:01:00,BOND,0
T02428,W0047,W0055,435584.36,2025-05-31 16:54:00,BOND,0
T05063,W0029,W0046,535044.11,2025-05-31 18:20:00,BOND,0
T00386,W0060,W0025,405178.52,2025-05-31 10:33:00,FX,0
T00272,W0052,W0026,606525.81,2025-05-31 15:25:00,USD,0
T06914,W0022,W0046,560805.19,2025-05-31 16:13:00,FX,0
T06966,W0069,W0098,457687.3,2025-05-31 11:10:00,USD,0
T06232,W0006,W0084,408817.49,2025-05-31 14:34:00,FX,0
T02742,W0093,W0005,505594.49,2025-05-31 11:03:00,BOND,0
T04351,W0021,W0097,621578.46,2025-05-31 09:56:00,FX,0
T07508,W0017,W0002,483154.44,2025-05-31 13:03:00,BOND,0
T03115,W0029,W0048,524664.95,2025-05-31 09:47:00,FX,0
T07060,W0097,W0038,536560.01,2025-05-31 12:42:00,FX,0
T00189,W0032,W0090,483364.11,2025-05-31 15:02:00,FX,0
T05982,W0080,W0052,447435.48,2025-05-31 18:32:00,BOND,0
T01620,W0045,W0073,548044.62,2025-05-31 11:53:00,USD,0
T03390,W0010,W0018,526100.64,2025-05-31 16:23:00,BOND,0
T08922,W0045,W0055,1020653.4,2025-05-31 06:50:29,USD,1
T08296,W0058,W0014,1158762.01,2025-05-31 06:50:29,BOND,1
T01575,W0014,W0092,494157.52,2025-05-31 13:11:00,BOND,0
T07840,W0072,W0023,1193590.56,2025-05-31 06:50:29,FX,1
T08816,W0048,W0064,983800.08,2025-05-31 07:50:29,USD,1
T00848,W0008,W0029,376485.79,2025-05-31 16:11:00,USD,0
T09389,W0035,W0041,1032953.21,2025-05-31 06:50:29,BOND,1
T09969,W0049,W0071,1084114.35,2025-05-31 06:50:29,USD,1
T09177,W0089,W0080,1057706.44,2025-05-31 08:50:29,FX,1
T04304,W0039,W0030,509916.34,2025-05-31 12:36:00,BOND,0
T03738,W0052,W0059,501732.56,2025-05-31 15:32:00,BOND,0
T00224,W0003,W0036,586179.81,2025-05-31 17:14:00,USD,0
T03514,W0003,W0100,450944.77,2025-05-31 14:06:00,FX,0
T03701,W0092,W0069,580834.2,2025-05-31 11:15:00,BOND,0
T03361,W0039,W0100,517432.78,2025-05-31 09:37:00,USD,0
T09314,W0001,W0027,1112925.37,2025-05-31 08:50:29,USD,1
T06585,W0094,W0055,419748.51,2025-05-31 12:07:00,USD,0
T03681,W0044,W0056,685373.23,2025-05-31 13:10:00,FX,0
T06479,W0013,W0014,310535.28,2025-05-31 11:44:00,USD,0
T07110,W0043,W0005,540843.62,2025-05-31 14:35:00,FX,0
T04145,W0014,W0080,419125.3,2025-05-31 18:15:00,BOND,0
T04605,W0072,W0053,495484.77,2025-05-31 09:10:00,BOND,0
T00217,W0053,W0039,544253.88,2025-05-31 15:48:00,USD,0
T04379,W0034,W0026,478549.44,2025-05-31 10:39:00,FX,0
T03220,W0026,W0027,504577.64,2025-05-31 16:23:00,BOND,0
T03195,W0083,W0094,467760.4,2025-05-31 18:17:00,USD,0
T08475,W0025,W0093,1194734.23,2025-05-31 07:50:29,FX,1
T06820,W0007,W0047,478250.09,2025-05-31 15:25:00,BOND,0
T07326,W0063,W0001,542759.48,2025-05-31 18:06:00,USD,0
T00576,W0075,W0087,565158.17,2025-05-31 13:03:00,USD,0
T04539,W0100,W0056,617760.69,2025-05-31 13:51:00,USD,0
T03798,W0031,W0005,591861.03,2025-05-31 12:32:00,FX,0
T09034,W0013,W0079,1178311.56,2025-05-31 06:50:29,USD,1
T09295,W0074,W0060,1198813.24,2025-05-31 08:50:29,BOND,1
T05086,W0014,W0001,393324.65,2025-05-31 10:54:00,FX,0
T05426,W0028,W0001,444971.36,2025-05-31 15:57:00,FX,0
T07569,W0040,W0044,599832.65,2025-05-31 17:35:00,FX,0
T01488,W0064,W0039,615326.39,2025-05-31 13:14:00,FX,0
T07380,W0005,W0080,474770.6,2025-05-31 15:51:00,USD,0
T09133,W0025,W0024,1004056.39,2025-05-31 07:50:29,FX,1
T05173,W0038,W0080,541370.88,2025-05-31 16:52:00,FX,0
T01890,W0057,W0089,483393.09,2025-05-31 11:36:00,BOND,0
T05117,W0088,W0057,392749.1,2025-05-31 18:44:00,FX,0
T09212,W0095,W0086,1145453.54,2025-05-31 08:50:29,FX,1
T06629,W0087,W0040,508487.94,2025-05-31 17:54:00,USD,0
T00170,W0020,W0024,398350.05,2025-05-31 11:01:00,FX,0
T09293,W0015,W0012,1161674.41,2025-05-31 06:50:29,USD,1
T07576,W0096,W0060,527716.15,2025-05-31 17:53:00,BOND,0
T06632,W0052,W0018,537666.18,2025-05-31 15:01:00,FX,0
T02362,W0009,W0061,354328.97,2025-05-31 18:37:00,BOND,0
T06751,W0048,W0045,540831.71,2025-05-31 16:00:00,BOND,0
T05054,W0010,W0026,461072.66,2025-05-31 17:54:00,USD,0
T01068,W0054,W0095,571174.15,2025-05-31 10:25:00,USD,0
T05001,W0032,W0037,658102.25,2025-05-31 17:17:00,USD,0
T02354,W0053,W0052,493878.76,2025-05-31 12:26:00,USD,0
T02213,W0074,W0095,641729.85,2025-05-31 13:30:00,FX,0
T03793,W0040,W0043,462742.93,2025-05-31 17:14:00,BOND,0
T01849,W0021,W0010,635227.01,2025-05-31 17:32:00,FX,0
T01926,W0013,W0021,561403.72,2025-05-31 17:02:00,BOND,0
T08889,W0061,W0079,1144483.75,2025-05-31 08:50:29,USD,1
T01432,W0018,W0031,604429.16,2025-05-31 18:19:00,USD,0
T00423,W0080,W0053,459285.67,2025-05-31 15:28:00,USD,0
T06445,W0054,W0065,558424.91,2025-05-31 09:27:00,FX,0
T04604,W0087,W0027,539533.98,2025-05-31 16:19:00,BOND,0
T08567,W0052,W0065,1069331.35,2025-05-31 07:50:29,USD,1
T02369,W0055,W0027,582037.22,2025-05-31 18:10:00,USD,0
T06507,W0011,W0076,693813.63,2025-05-31 17:09:00,FX,0
T00336,W0003,W0098,587928.66,2025-05-31 15:08:00,USD,0
T06926,W0096,W0067,483527.92,2025-05-31 13:26:00,BOND,0
T01363,W0081,W0086,454993.87,2025-05-31 11:28:00,FX,0
T03749,W0082,W0093,463809.73,2025-05-31 18:48:00,FX,0
T08358,W0055,W0081,1081033.14,2025-05-31 07:50:29,USD,1
T09348,W0012,W0048,1178326.42,2025-05-31 07:50:29,USD,1
T00589,W0073,W0085,459058.74,2025-05-31 15:13:00,FX,0
T00475,W0041,W0012,497749.45,2025-05-31 18:03:00,USD,0
T02003,W0007,W0094,529505.44,2025-05-31 09:27:00,USD,0
T06741,W0045,W0043,527521.8,2025-05-31 10:28:00,FX,0
T05092,W0078,W0096,544993.19,2025-05-31 11:47:00,USD,0
T01678,W0016,W0032,494676.89,2025-05-31 18:03:00,FX,0
T08797,W0051,W0035,1014598.11,2025-05-31 07:50:29,USD,1
T04727,W0032,W0065,518834.54,2025-05-31 18:28:00,FX,0
T08927,W0051,W0010,1088430.97,2025-05-31 08:50:29,BOND,1
T01869,W0065,W0029,618983.73,2025-05-31 14:53:00,BOND,0
T09751,W0011,W0022,954240.66,2025-05-31 08:50:29,FX,1
T04228,W0077,W0018,476878.95,2025-05-31 17:43:00,BOND,0
T03861,W0077,W0095,443105.45,2025-05-31 15:40:00,FX,0
T06487,W0049,W0020,362881.45,2025-05-31 18:03:00,BOND,0
T05579,W0078,W0022,616209.2,2025-05-31 17:08:00,USD,0
T08918,W0062,W0021,918939.08,2025-05-31 06:50:29,FX,1
T01648,W0017,W0070,516090.06,2025-05-31 10:04:00,FX,0
T04339,W0067,W0073,711692.13,2025-05-31 17:49:00,BOND,0
T03305,W0087,W0079,423383.55,2025-05-31 14:00:00,USD,0
T04818,W0086,W0060,463392.23,2025-05-31 14:52:00,FX,0
T02812,W0026,W0077,358175.24,2025-05-31 17:17:00,FX,0
T09543,W0039,W0056,1001849.47,2025-05-31 06:50:29,USD,1
T08655,W0028,W0024,912286.84,2025-05-31 07:50:29,BOND,1
T07309,W0056,W0096,634424.84,2025-05-31 14:04:00,USD,0
T07148,W0056,W0021,534474.12,2025-05-31 18:59:00,USD,0
T01470,W0062,W0031,436090.53,2025-05-31 11:54:00,USD,0
T01602,W0031,W0048,415448.46,2025-05-31 12:00:00,USD,0
T07377,W0062,W0001,688984.23,2025-05-31 15:58:00,BOND,0
T00659,W0008,W0061,659960.24,2025-05-31 14:47:00,FX,0
T07647,W0031,W0001,509745.47,2025-05-31 12:04:00,USD,0
T06697,W0003,W0021,523810.33,2025-05-31 16:44:00,FX,0
T04632,W0072,W0097,512192.61,2025-05-31 11:24:00,FX,0
T00398,W0025,W0076,301743.38,2025-05-31 15:05:00,USD,0
T06216,W0013,W0065,518532.69,2025-05-31 12:57:00,BOND,0
T01508,W0052,W0063,395596.21,2025-05-31 14:05:00,BOND,0
T06251,W0030,W0084,449720.12,2025-05-31 15:41:00,USD,0
T00084,W0052,W0017,458571.65,2025-05-31 09:38:00,BOND,0
T07433,W0071,W0094,444616.87,2025-05-31 12:27:00,BOND,0
T03718,W0088,W0045,526048.16,2025-05-31 11:15:00,BOND,0
T04613,W0017,W0072,583790.98,2025-05-31 12:06:00,USD,0
T02225,W0050,W0068,286631.53,2025-05-31 14:30:00,USD,0
T08898,W0026,W0029,1034637.74,2025-05-31 08:50:29,USD,1
T04897,W0027,W0089,373418.24,2025-05-31 11:07:00,FX,0
T08855,W0008,W0079,1112629.61,2025-05-31 06:50:29,FX,1
T09396,W0038,W0086,1153242.46,2025-05-31 08:50:29,FX,1
T01040,W0063,W0097,467947.75,2025-05-31 14:32:00,BOND,0
T07001,W0071,W0045,475936.61,2025-05-31 15:03:00,USD,0
T05012,W0046,W0009,507449.46,2025-05-31 12:48:00,BOND,0
T04904,W0003,W0041,291781.06,2025-05-31 10:57:00,USD,0
T05274,W0063,W0025,477508.09,2025-05-31 10:13:00,FX,0
T01206,W0008,W0086,564672.11,2025-05-31 15:32:00,BOND,0
T00089,W0100,W0073,574914.06,2025-05-31 15:17:00,FX,0
T03712,W0079,W0032,431197.86,2025-05-31 11:45:00,USD,0
T09641,W0019,W0054,949718.45,2025-05-31 07:50:29,FX,1
T08412,W0076,W0049,1188566.69,2025-05-31 06:50:29,BOND,1
T08079,W0072,W0021,1119764.42,2025-05-31 08:50:29,FX,1
T02119,W0086,W0021,447983.67,2025-05-31 09:27:00,BOND,0
T02699,W0014,W0041,539368.11,2025-05-31 13:13:00,USD,0
T00331,W0016,W0036,596681.05,2025-05-31 15:01:00,BOND,0
T09107,W0071,W0085,1181074.15,2025-05-31 08:50:29,FX,1
T00000,W0011,W0003,543947.58,2025-05-31 09:21:00,BOND,0
T08289,W0087,W0032,1032679.73,2025-05-31 07:50:29,USD,1
T07100,W0044,W0063,587490.92,2025-05-31 09:57:00,BOND,0
T07786,W0095,W0095,1111275.96,2025-05-31 06:50:29,USD,1
T06346,W0060,W0076,448094.96,2025-05-31 16:44:00,USD,0
T04550,W0089,W0077,591567.75,2025-05-31 15:25:00,USD,0
T01358,W0012,W0066,640503.13,2025-05-31 13:09:00,USD,0
T01383,W0043,W0056,500816.79,2025-05-31 12:41:00,FX,0
T03395,W0089,W0047,611348.44,2025-05-31 15:21:00,USD,0
T01779,W0042,W0001,403093.61,2025-05-31 10:31:00,FX,0
T05403,W0054,W0089,572319.04,2025-05-31 13:02:00,USD,0
T09740,W0073,W0002,1148422.04,2025-05-31 06:50:29,USD,1
T04456,W0039,W0014,629352.7,2025-05-31 16:27:00,BOND,0
T02085,W0010,W0093,438557.29,2025-05-31 17:31:00,USD,0
T01978,W0080,W0041,560097.9,2025-05-31 17:31:00,FX,0
T08104,W0024,W0085,911879.75,2025-05-31 07:50:29,BOND,1
T06882,W0093,W0074,568085.01,2025-05-31 13:07:00,FX,0
T01549,W0084,W0039,673645.35,2025-05-31 15:36:00,USD,0
T07096,W0057,W0057,441183.83,2025-05-31 13:01:00,USD,0
T05049,W0073,W0036,555349.47,2025-05-31 15:28:00,FX,0
T07354,W0011,W0005,592925.16,2025-05-31 09:22:00,BOND,0
T06343,W0024,W0098,640373.91,2025-05-31 10:31:00,FX,0
T03824,W0079,W0064,588383.24,2025-05-31 14:07:00,USD,0
T02482,W0013,W0081,338260.96,2025-05-31 15:53:00,USD,0
T06071,W0073,W0025,651664.92,2025-05-31 10:51:00,FX,0
T04706,W0088,W0072,568402.11,2025-05-31 16:48:00,FX,0
T02091,W0042,W0061,510385.46,2025-05-31 18:55:00,FX,0
T00914,W0003,W0051,572417.73,2025-05-31 10:51:00,FX,0
T03671,W0035,W0025,664969.07,2025-05-31 18:13:00,BOND,0
T00923,W0081,W0073,557750.46,2025-05-31 17:50:00,USD,0
T09264,W0028,W0005,961733.81,2025-05-31 08:50:29,FX,1
T09817,W0083,W0020,1042359.49,2025-05-31 08:50:29,BOND,1
T09127,W0059,W0032,1031301.38,2025-05-31 06:50:29,USD,1
T00115,W0027,W0022,469521.92,2025-05-31 10:35:00,USD,0
T00070,W0057,W0084,656840.35,2025-05-31 14:45:00,BOND,0
T03689,W0085,W0060,583315.22,2025-05-31 18:00:00,USD,0
T01153,W0075,W0042,510401.86,2025-05-31 17:27:00,BOND,0
T07481,W0092,W0043,578169.78,2025-05-31 10:13:00,FX,0
T06080,W0068,W0013,555928.65,2025-05-31 16:29:00,USD,0
T03460,W0094,W0081,483287.69,2025-05-31 15:12:00,USD,0
T09939,W0048,W0049,940087.77,2025-05-31 07:50:29,USD,1
T01225,W0001,W0065,499985.93,2025-05-31 17:52:00,FX,0
T03237,W0002,W0007,529725.45,2025-05-31 17:45:00,USD,0
T08297,W0023,W0026,998857.45,2025-05-31 07:50:29,BOND,1
T00098,W0075,W0065,456265.94,2025-05-31 14:39:00,USD,0
T07550,W0013,W0050,601184.76,2025-05-31 15:16:00,FX,0
T07614,W0088,W0032,467357.65,2025-05-31 10:35:00,USD,0
T03241,W0004,W0094,455186.46,2025-05-31 17:10:00,FX,0
T03200,W0056,W0025,443128.73,2025-05-31 12:53:00,FX,0
T05028,W0093,W0073,579592.92,2025-05-31 14:23:00,BOND,0
T03954,W0006,W0065,571657.55,2025-05-31 16:18:00,USD,0
T08505,W0046,W0074,1090761.82,2025-05-31 06:50:29,USD,1
T01550,W0080,W0002,486113.92,2025-05-31 16:26:00,FX,0
T09682,W0005,W0006,1052327.48,2025-05-31 08:50:29,USD,1
T08450,W0015,W0039,1100780.11,2025-05-31 07:50:29,FX,1
T02775,W0059,W0012,602495.99,2025-05-31 09:46:00,USD,0
T06666,W0030,W0077,439121.87,2025-05-31 11:50:00,BOND,0
T08583,W0012,W0059,977532.98,2025-05-31 08:50:29,USD,1
T00881,W0088,W0088,395772.89,2025-05-31 12:30:00,BOND,0
T09922,W0023,W0002,970989.57,2025-05-31 08:50:29,BOND,1
T09978,W0064,W0015,907694.37,2025-05-31 07:50:29,FX,1
T04208,W0059,W0074,442631.84,2025-05-31 09:16:00,FX,0
T08859,W0031,W0034,1106341.69,2025-05-31 07:50:29,BOND,1
T02058,W0009,W0020,655404.18,2025-05-31 14:59:00,USD,0
T07027,W0080,W0038,505984.71,2025-05-31 15:19:00,USD,0
T04298,W0088,W0001,412158.45,2025-05-31 16:58:00,USD,0
T08599,W0009,W0021,1125080.01,2025-05-31 08:50:29,USD,1
T04258,W0037,W0081,476409.3,2025-05-31 18:49:00,BOND,0
T08928,W0056,W0098,1079909.65,2025-05-31 08:50:29,USD,1
T05264,W0087,W0075,440616.92,2025-05-31 12:17:00,BOND,0
T06381,W0046,W0080,285642.49,2025-05-31 15:13:00,USD,0
T06409,W0051,W0047,581641.19,2025-05-31 16:18:00,BOND,0
T03450,W0071,W0023,409711.12,2025-05-31 17:12:00,BOND,0
T02676,W0024,W0085,473721.58,2025-05-31 11:27:00,FX,0
T05469,W0003,W0044,419436.36,2025-05-31 09:30:00,FX,0
T03648,W0054,W0001,513448.42,2025-05-31 15:34:00,USD,0
T06096,W0023,W0041,565051.61,2025-05-31 09:59:00,FX,0
T01839,W0065,W0071,518233.04,2025-05-31 17:50:00,USD,0
T09839,W0048,W0092,1116744.4,2025-05-31 08:50:29,BOND,1
T04555,W0042,W0042,510886.91,2025-05-31 13:04:00,USD,0
T00121,W0096,W0025,567066.29,2025-05-31 12:02:00,USD,0
T00080,W0100,W0071,461105.5,2025-05-31 09:14:00,FX,0
T06008,W0045,W0095,458264.17,2025-05-31 11:42:00,BOND,0
T03131,W0096,W0081,590115.85,2025-05-31 09:08:00,FX,0
T07654,W0051,W0085,1162279.17,2025-05-31 07:50:29,USD,1
T02899,W0006,W0002,438286.67,2025-05-31 15:09:00,USD,0
T02689,W0046,W0024,610904.85,2025-05-31 11:22:00,FX,0
T09699,W0016,W0082,1197206.5,2025-05-31 08:50:29,BOND,1
T07145,W0031,W0086,526640.28,2025-05-31 18:03:00,USD,0
T01462,W0044,W0016,544948.93,2025-05-31 14:29:00,FX,0
T05497,W0075,W0012,489053.09,2025-05-31 12:26:00,BOND,0
T03107,W0083,W0013,559645.63,2025-05-31 16:33:00,USD,0
T08488,W0020,W0020,1108434.03,2025-05-31 06:50:29,FX,1
T04349,W0058,W0014,458077.05,2025-05-31 10:55:00,BOND,0
T03112,W0015,W0031,539130.36,2025-05-31 12:43:00,BOND,0
T05416,W0017,W0079,473409.89,2025-05-31 16:41:00,FX,0
T09479,W0050,W0078,1159308.49,2025-05-31 07:50:29,FX,1
T02404,W0022,W0031,466236.48,2025-05-31 09:29:00,BOND,0
T00932,W0012,W0091,548819.41,2025-05-31 10:23:00,USD,0
T02912,W0056,W0096,418985.29,2025-05-31 13:54:00,FX,0
T01466,W0097,W0072,405096.11,2025-05-31 15:32:00,FX,0
T06931,W0088,W0032,597471.52,2025-05-31 18:10:00,FX,0
T09350,W0082,W0027,1008516.39,2025-05-31 08:50:29,FX,1
T09077,W0020,W0058,1022256.04,2025-05-31 08:50:29,BOND,1
T06643,W0045,W0090,403584.84,2025-05-31 17:10:00,BOND,0
T07880,W0052,W0063,1175753.12,2025-05-31 06:50:29,BOND,1
T09148,W0074,W0017,1031016.99,2025-05-31 07:50:29,USD,1
T01483,W0083,W0026,395389.44,2025-05-31 13:05:00,FX,0
T01260,W0057,W0021,606746.4,2025-05-31 17:38:00,USD,0
T03393,W0097,W0008,451201.67,2025-05-31 16:10:00,FX,0
T01624,W0087,W0094,492398.55,2025-05-31 18:00:00,BOND,0
T03999,W0039,W0047,619342.38,2025-05-31 15:30:00,BOND,0
T09660,W0063,W0088,913260.12,2025-05-31 06:50:29,USD,1
T01659,W0067,W0080,562242.54,2025-05-31 15:00:00,BOND,0
T02703,W0093,W0090,470482.86,2025-05-31 14:34:00,USD,0
T01264,W0050,W0011,566342.17,2025-05-31 17:06:00,USD,0
T08277,W0004,W0031,966379.46,2025-05-31 07:50:29,BOND,1
T09605,W0096,W0072,979969.58,2025-05-31 06:50:29,USD,1
T03036,W0092,W0068,525470.75,2025-05-31 14:35:00,FX,0
T06117,W0073,W0038,497051.97,2025-05-31 13:26:00,USD,0
T09092,W0028,W0070,1168965.73,2025-05-31 08:50:29,FX,1
T04043,W0067,W0007,501166.56,2025-05-31 14:40:00,USD,0
T03064,W0020,W0099,423891.41,2025-05-31 16:29:00,BOND,0
T01141,W0080,W0018,402319.19,2025-05-31 13:34:00,BOND,0
T00298,W0088,W0034,468014.76,2025-05-31 16:09:00,USD,0
T01263,W0057,W0053,429074.23,2025-05-31 12:33:00,FX,0
T00228,W0099,W0012,529972.17,2025-05-31 13:48:00,USD,0
T06500,W0050,W0029,381604.92,2025-05-31 18:56:00,USD,0
T06282,W0045,W0030,538561.72,2025-05-31 14:11:00,USD,0
T02656,W0057,W0015,455057.29,2025-05-31 12:39:00,USD,0
T07848,W0018,W0084,1151330.59,2025-05-31 07:50:29,USD,1
T06147,W0072,W0066,524300.8,2025-05-31 17:27:00,BOND,0
T03409,W0015,W0009,479480.25,2025-05-31 14:15:00,USD,0
T01684,W0098,W0070,610848.47,2025-05-31 13:54:00,BOND,0
T05699,W0071,W0024,478367.15,2025-05-31 15:28:00,FX,0
T01067,W0047,W0068,459185.05,2025-05-31 13:06:00,BOND,0
T03559,W0059,W0029,591502.04,2025-05-31 09:22:00,FX,0
T01720,W0028,W0095,679408.58,2025-05-31 15:38:00,BOND,0
T09080,W0007,W0045,1060126.35,2025-05-31 06:50:29,FX,1
T05508,W0043,W0002,434343.06,2025-05-31 18:12:00,BOND,0
T01359,W0063,W0078,529419.71,2025-05-31 10:55:00,FX,0
T03533,W0054,W0006,480682.59,2025-05-31 12:30:00,BOND,0
T08152,W0048,W0072,1156583.61,2025-05-31 06:50:29,USD,1
T06545,W0010,W0048,554568.72,2025-05-31 12:10:00,FX,0
T01357,W0051,W0071,423951.3,2025-05-31 12:58:00,FX,0
T04008,W0015,W0062,675601.62,2025-05-31 15:30:00,USD,0
T08544,W0095,W0073,1182847.95,2025-05-31 08:50:29,BOND,1
T01493,W0063,W0020,470882.38,2025-05-31 16:42:00,USD,0
T05089,W0085,W0015,569102.92,2025-05-31 14:37:00,BOND,0
T01616,W0049,W0037,663916.48,2025-05-31 17:15:00,USD,0
T05652,W0019,W0044,526772.75,2025-05-31 17:16:00,FX,0
T00001,W0027,W0062,476768.98,2025-05-31 14:27:00,BOND,0
T09877,W0097,W0008,1056007.17,2025-05-31 08:50:29,USD,1
T02365,W0095,W0017,484780.27,2025-05-31 18:14:00,FX,0
T05845,W0025,W0071,564861.9,2025-05-31 16:37:00,USD,0
T07229,W0057,W0028,555699.95,2025-05-31 12:03:00,FX,0
T06249,W0079,W0039,372842.21,2025-05-31 12:06:00,FX,0
T05665,W0001,W0083,663427.67,2025-05-31 13:29:00,FX,0
T08486,W0068,W0020,989851.75,2025-05-31 08:50:29,BOND,1
T06501,W0096,W0032,591875.57,2025-05-31 18:41:00,BOND,0
T00075,W0021,W0037,526779.84,2025-05-31 15:58:00,BOND,0
T01170,W0091,W0007,546705.83,2025-05-31 11:29:00,BOND,0
T07626,W0001,W0002,483959.76,2025-05-31 17:25:00,USD,0
T07572,W0043,W0054,398445.59,2025-05-31 16:41:00,FX,0
T06084,W0094,W0049,505590.03,2025-05-31 17:31:00,USD,0
T00271,W0025,W0061,529971.8,2025-05-31 11:59:00,USD,0
T02330,W0073,W0048,460603.94,2025-05-31 09:11:00,FX,0
T07199,W0035,W0022,534224.75,2025-05-31 11:19:00,BOND,0
T07825,W0062,W0027,1007525.13,2025-05-31 06:50:29,BOND,1
T07923,W0066,W0047,1130921.37,2025-05-31 08:50:29,BOND,1
T02443,W0021,W0098,545395.2,2025-05-31 11:34:00,BOND,0
T00823,W0022,W0051,536689.22,2025-05-31 18:24:00,USD,0
T05780,W0060,W0022,455347.32,2025-05-31 12:06:00,USD,0
T00414,W0084,W0044,568366.74,2025-05-31 11:54:00,USD,0
T04283,W0081,W0051,485942.4,2025-05-31 12:05:00,USD,0
T06055,W0010,W0008,426266.61,2025-05-31 18:17:00,USD,0
T01071,W0041,W0084,414681.18,2025-05-31 11:51:00,USD,0
T07189,W0069,W0087,523417.11,2025-05-31 14:35:00,BOND,0
T08091,W0049,W0091,1149432.89,2025-05-31 08:50:29,USD,1
T03317,W0038,W0009,501160.59,2025-05-31 16:41:00,BOND,0
T01030,W0020,W0086,517764.79,2025-05-31 14:54:00,USD,0
T03642,W0079,W0056,522239.56,2025-05-31 15:37:00,USD,0
T06818,W0010,W0054,424614.68,2025-05-31 13:34:00,FX,0
T07998,W0035,W0081,972061.01,2025-05-31 08:50:29,USD,1
T06688,W0081,W0063,324063.7,2025-05-31 17:43:00,USD,0
T06538,W0066,W0037,486831.67,2025-05-31 18:20:00,USD,0
T04947,W0088,W0026,426081.56,2025-05-31 11:16:00,BOND,0
T07502,W0064,W0030,485182.35,2025-05-31 09:50:00,USD,0
T02420,W0019,W0014,624751.08,2025-05-31 18:12:00,BOND,0
T08561,W0071,W0044,994144.93,2025-05-31 07:50:29,FX,1
T01819,W0093,W0080,491318.56,2025-05-31 14:17:00,FX,0
T09440,W0054,W0012,1155213.49,2025-05-31 08:50:29,USD,1
T09857,W0071,W0036,1040836.7,2025-05-31 07:50:29,FX,1
T00902,W0037,W0095,351815.35,2025-05-31 11:34:00,BOND,0
T07784,W0073,W0044,974025.06,2025-05-31 08:50:29,FX,1
T04585,W0036,W0016,427609.6,2025-05-31 13:21:00,FX,0
T06731,W0097,W0051,575323.44,2025-05-31 13:27:00,BOND,0
T08389,W0017,W0022,1011468.13,2025-05-31 06:50:29,USD,1
T04238,W0044,W0099,465065.28,2025-05-31 18:47:00,BOND,0
T07609,W0042,W0012,547192.55,2025-05-31 17:59:00,USD,0
T00452,W0018,W0052,582730.07,2025-05-31 09:26:00,USD,0
T00193,W0038,W0057,412560.6,2025-05-31 10:36:00,FX,0
T06313,W0047,W0033,562773.41,2025-05-31 14:12:00,FX,0
T02659,W0011,W0084,471460.77,2025-05-31 10:55:00,BOND,0
T05152,W0027,W0048,505022.27,2025-05-31 09:56:00,BOND,0
T06340,W0068,W0087,595478.6,2025-05-31 09:09:00,FX,0
T02490,W0068,W0062,429064.34,2025-05-31 11:21:00,BOND,0
T08729,W0074,W0038,1071397.4,2025-05-31 08:50:29,USD,1
T08530,W0087,W0065,1118105.56,2025-05-31 06:50:29,FX,1
T05750,W0035,W0076,462349.5,2025-05-31 10:34:00,USD,0
T01701,W0002,W0036,503582.73,2025-05-31 16:30:00,USD,0
T07994,W0088,W0045,1017443.03,2025-05-31 06:50:29,FX,1
T06661,W0026,W0071,536622.98,2025-05-31 12:23:00,BOND,0
T06887,W0099,W0034,542578.73,2025-05-31 14:34:00,BOND,0
T06105,W0032,W0064,674357.39,2025-05-31 09:55:00,FX,0
T03059,W0062,W0054,356636.25,2025-05-31 18:33:00,USD,0
T00644,W0013,W0036,426656.49,2025-05-31 18:11:00,USD,0
T01665,W0029,W0008,266025.07,2025-05-31 15:00:00,USD,0
T06594,W0088,W0099,525109.7,2025-05-31 18:37:00,USD,0
T09598,W0007,W0011,1053179.3,2025-05-31 08:50:29,USD,1
T07649,W0020,W0048,526381.16,2025-05-31 10:43:00,USD,0
T02406,W0005,W0022,615349.39,2025-05-31 12:39:00,FX,0
T05832,W0049,W0015,524655.89,2025-05-31 11:08:00,BOND,0
T08113,W0082,W0095,993062.36,2025-05-31 06:50:29,FX,1
T04154,W0077,W0065,474027.07,2025-05-31 18:59:00,USD,0
T09604,W0080,W0026,1184344.88,2025-05-31 07:50:29,BOND,1
T07938,W0033,W0041,974556.06,2025-05-31 08:50:29,USD,1
T04386,W0032,W0070,586729.56,2025-05-31 17:18:00,FX,0
T01522,W0022,W0027,518515.11,2025-05-31 10:10:00,BOND,0
T08066,W0077,W0060,1080037.8,2025-05-31 06:50:29,FX,1
T02169,W0052,W0012,397206.29,2025-05-31 15:31:00,FX,0
T08494,W0086,W0056,1010028.47,2025-05-31 07:50:29,BOND,1
T05267,W0099,W0096,591034.2,2025-05-31 17:19:00,USD,0
T00924,W0087,W0015,598898.67,2025-05-31 18:48:00,USD,0
T07271,W0065,W0026,561913.87,2025-05-31 17:39:00,BOND,0
T08050,W0012,W0007,1012782.47,2025-05-31 08:50:29,FX,1
T08981,W0027,W0051,983411.67,2025-05-31 06:50:29,BOND,1
T07997,W0089,W0018,1087453.27,2025-05-31 07:50:29,USD,1
T01478,W0037,W0004,551723.1,2025-05-31 09:51:00,BOND,0
T04601,W0041,W0083,418901.94,2025-05-31 18:59:00,USD,0
T05276,W0030,W0056,496318.76,2025-05-31 13:30:00,USD,0
T01365,W0012,W0041,495410.76,2025-05-31 10:38:00,FX,0
T07268,W0091,W0081,450533.51,2025-05-31 12:38:00,BOND,0
T08251,W0095,W0074,1062732.62,2025-05-31 07:50:29,BOND,1
T01676,W0038,W0082,470558.77,2025-05-31 15:49:00,FX,0
T04020,W0030,W0092,517655.74,2025-05-31 12:25:00,BOND,0
T04069,W0018,W0020,424140.37,2025-05-31 10:45:00,USD,0
T09674,W0031,W0061,1181760.96,2025-05-31 07:50:29,FX,1
T00741,W0065,W0058,473584.11,2025-05-31 09:03:00,FX,0
T04825,W0082,W0086,372058.37,2025-05-31 13:34:00,USD,0
T00970,W0058,W0052,637172.57,2025-05-31 09:58:00,BOND,0
T02421,W0086,W0081,563298.06,2025-05-31 10:15:00,BOND,0
T03293,W0098,W0007,618882.6,2025-05-31 14:01:00,FX,0
T04484,W0011,W0035,739950.82,2025-05-31 15:11:00,USD,0
T09051,W0035,W0030,1027447.46,2025-05-31 07:50:29,BOND,1
T09105,W0094,W0060,1079522.68,2025-05-31 06:50:29,BOND,1
T06997,W0067,W0069,653310.06,2025-05-31 16:34:00,FX,0
T02769,W0040,W0074,421682.49,2025-05-31 10:03:00,USD,0
T08588,W0074,W0014,900049.59,2025-05-31 07:50:29,FX,1
T08806,W0011,W0021,991047.51,2025-05-31 08:50:29,BOND,1
T00093,W0079,W0010,510648.81,2025-05-31 18:24:00,FX,0
T05642,W0076,W0070,425565.35,2025-05-31 16:30:00,USD,0
T03992,W0051,W0074,619855.58,2025-05-31 14:26:00,FX,0
T04002,W0014,W0078,467980.47,2025-05-31 12:51:00,USD,0
T02518,W0054,W0091,543836.25,2025-05-31 18:56:00,FX,0
T08018,W0075,W0058,1085483.68,2025-05-31 08:50:29,USD,1
T04451,W0018,W0083,556799.44,2025-05-31 10:41:00,USD,0
T08022,W0091,W0058,1175783.02,2025-05-31 06:50:29,FX,1
T01079,W0055,W0073,389060.38,2025-05-31 14:54:00,FX,0
T03920,W0029,W0063,458420.12,2025-05-31 09:36:00,FX,0
T07246,W0041,W0035,495189.34,2025-05-31 14:18:00,BOND,0
T04563,W0088,W0019,633502.27,2025-05-31 11:32:00,USD,0
T04583,W0087,W0085,370238.09,2025-05-31 11:29:00,USD,0
T02086,W0088,W0084,340828.54,2025-05-31 11:04:00,BOND,0
T09328,W0069,W0018,958000.44,2025-05-31 08:50:29,USD,1
T01284,W0054,W0037,536859.35,2025-05-31 13:19:00,FX,0
T04808,W0031,W0043,645383.44,2025-05-31 17:20:00,USD,0
T04556,W0091,W0090,536035.27,2025-05-31 11:39:00,BOND,0
T04955,W0070,W0007,537069.38,2025-05-31 13:07:00,USD,0
T05061,W0030,W0013,654207.18,2025-05-31 11:52:00,BOND,0
T03341,W0064,W0019,696466.92,2025-05-31 12:31:00,FX,0
T09971,W0032,W0095,901548.42,2025-05-31 06:50:29,BOND,1
T09036,W0068,W0008,1011311.95,2025-05-31 07:50:29,FX,1
T03744,W0038,W0033,457240.15,2025-05-31 10:23:00,USD,0
T05917,W0037,W0025,556931.48,2025-05-31 13:56:00,USD,0
T04973,W0032,W0032,310389.44,2025-05-31 10:09:00,FX,0
T07519,W0066,W0091,552866.75,2025-05-31 16:27:00,USD,0
T01190,W0049,W0092,389360.38,2025-05-31 18:03:00,BOND,0
T01554,W0047,W0053,489871.0,2025-05-31 15:29:00,FX,0
T08672,W0054,W0069,903948.02,2025-05-31 08:50:29,BOND,1
T09896,W0064,W0036,1010039.92,2025-05-31 08:50:29,BOND,1
T00026,W0050,W0100,606305.48,2025-05-31 11:58:00,FX,0
T08426,W0084,W0061,940443.23,2025-05-31 06:50:29,BOND,1
T01482,W0021,W0086,529214.59,2025-05-31 18:20:00,BOND,0
T05472,W0051,W0026,397135.04,2025-05-31 15:12:00,BOND,0
T06413,W0009,W0045,383908.46,2025-05-31 14:32:00,USD,0
T00208,W0059,W0082,416556.49,2025-05-31 10:27:00,FX,0
T01630,W0026,W0025,486628.57,2025-05-31 16:38:00,USD,0
T00937,W0003,W0083,540089.84,2025-05-31 12:30:00,BOND,0
T07708,W0010,W0043,1106256.44,2025-05-31 07:50:29,FX,1
T01705,W0056,W0079,461961.77,2025-05-31 10:46:00,USD,0
T08704,W0094,W0019,920436.21,2025-05-31 07:50:29,FX,1
T01579,W0097,W0097,688046.76,2025-05-31 16:29:00,BOND,0
T07946,W0048,W0028,1183031.27,2025-05-31 06:50:29,BOND,1
T07464,W0013,W0058,397544.34,2025-05-31 17:30:00,FX,0
T00676,W0076,W0099,532483.74,2025-05-31 12:11:00,USD,0
T06622,W0017,W0100,363245.96,2025-05-31 10:34:00,USD,0
T03567,W0086,W0059,520128.73,2025-05-31 09:37:00,FX,0
T09115,W0039,W0052,1070661.15,2025-05-31 08:50:29,FX,1
T07063,W0081,W0082,460455.53,2025-05-31 18:55:00,FX,0
T07174,W0022,W0089,614843.03,2025-05-31 09:55:00,FX,0
T05334,W0072,W0096,547980.44,2025-05-31 15:56:00,FX,0
T08952,W0083,W0005,997531.64,2025-05-31 08:50:29,FX,1
T05523,W0047,W0034,455459.33,2025-05-31 18:19:00,USD,0
T01610,W0041,W0030,453617.52,2025-05-31 11:40:00,BOND,0
T03227,W0018,W0016,522907.15,2025-05-31 17:12:00,FX,0
T05238,W0061,W0034,566655.81,2025-05-31 10:57:00,FX,0
T01244,W0034,W0012,692044.69,2025-05-31 18:07:00,BOND,0
T05437,W0037,W0008,597995.73,2025-05-31 11:23:00,BOND,0
T07248,W0081,W0033,534534.39,2025-05-31 15:00:00,FX,0
T03935,W0078,W0083,689406.19,2025-05-31 14:35:00,USD,0
T01431,W0002,W0037,574919.74,2025-05-31 12:53:00,FX,0
T07186,W0045,W0035,523735.28,2025-05-31 13:04:00,BOND,0
T00543,W0076,W0087,478429.02,2025-05-31 15:20:00,FX,0
T06826,W0008,W0095,479035.21,2025-05-31 18:58:00,USD,0
T08432,W0006,W0023,1187867.05,2025-05-31 07:50:29,BOND,1
T01947,W0042,W0017,592870.09,2025-05-31 11:13:00,USD,0
T03562,W0091,W0017,506913.22,2025-05-31 10:51:00,USD,0
T03967,W0023,W0014,481378.38,2025-05-31 14:11:00,FX,0
T09884,W0062,W0075,1008536.32,2025-05-31 07:50:29,BOND,1
T02552,W0012,W0088,408544.36,2025-05-31 12:56:00,USD,0
T08710,W0016,W0077,1110194.85,2025-05-31 07:50:29,FX,1
T06329,W0006,W0071,486050.73,2025-05-31 17:30:00,BOND,0
T01524,W0069,W0048,464917.21,2025-05-31 18:35:00,FX,0
T02072,W0037,W0012,421318.02,2025-05-31 16:27:00,FX,0
T04646,W0096,W0076,539448.36,2025-05-31 15:07:00,FX,0
T06640,W0083,W0036,501558.3,2025-05-31 15:20:00,FX,0
T08738,W0009,W0049,1012450.31,2025-05-31 08:50:29,FX,1
T03033,W0088,W0085,499800.67,2025-05-31 18:52:00,FX,0
T03019,W0065,W0062,602105.45,2025-05-31 10:48:00,BOND,0
T05159,W0025,W0036,470380.48,2025-05-31 12:14:00,USD,0
T04796,W0037,W0090,593469.35,2025-05-31 13:31:00,BOND,0
T09303,W0093,W0088,1167284.88,2025-05-31 07:50:29,FX,1
T07927,W0011,W0007,1177722.02,2025-05-31 07:50:29,FX,1
T09898,W0024,W0085,1042792.39,2025-05-31 06:50:29,FX,1
T00844,W0013,W0100,526480.85,2025-05-31 10:17:00,FX,0
T06273,W0087,W0012,477111.14,2025-05-31 15:52:00,USD,0
T03743,W0043,W0006,499303.44,2025-05-31 13:18:00,BOND,0
T09662,W0035,W0057,937516.29,2025-05-31 06:50:29,FX,1
T08129,W0033,W0025,1111476.8,2025-05-31 06:50:29,USD,1
T09920,W0051,W0003,986740.48,2025-05-31 06:50:29,FX,1
T02663,W0056,W0029,442377.22,2025-05-31 18:50:00,BOND,0
T08390,W0067,W0019,1124081.92,2025-05-31 08:50:29,BOND,1
T08366,W0067,W0097,1125793.49,2025-05-31 06:50:29,BOND,1
T01937,W0045,W0082,594832.97,2025-05-31 12:54:00,USD,0
T02843,W0089,W0099,398007.54,2025-05-31 10:06:00,FX,0
T06537,W0046,W0042,525004.87,2025-05-31 12:47:00,FX,0
T01498,W0084,W0001,523256.35,2025-05-31 14:07:00,BOND,0
T02080,W0089,W0060,485646.88,2025-05-31 16:53:00,FX,0
T02031,W0051,W0091,590531.41,2025-05-31 15:31:00,BOND,0
T08291,W0080,W0085,1079226.58,2025-05-31 07:50:29,FX,1
T00871,W0085,W0096,527747.11,2025-05-31 09:53:00,FX,0
T06964,W0087,W0027,477948.95,2025-05-31 18:45:00,BOND,0
T04362,W0087,W0084,514872.26,2025-05-31 09:20:00,BOND,0
T01860,W0058,W0044,588783.43,2025-05-31 11:12:00,FX,0
T09651,W0044,W0043,1162398.89,2025-05-31 07:50:29,FX,1
T06754,W0005,W0066,463106.28,2025-05-31 16:20:00,FX,0
T09190,W0003,W0037,998140.9,2025-05-31 08:50:29,FX,1
T06064,W0041,W0043,481128.36,2025-05-31 17:52:00,FX,0
T07274,W0059,W0063,552423.79,2025-05-31 12:58:00,BOND,0
T02243,W0021,W0033,452371.94,2025-05-31 10:22:00,FX,0
T05981,W0081,W0064,656949.97,2025-05-31 10:21:00,USD,0
T06581,W0043,W0010,560088.82,2025-05-31 14:22:00,BOND,0
T04332,W0047,W0093,564074.27,2025-05-31 13:04:00,USD,0
T07780,W0035,W0033,952957.61,2025-05-31 06:50:29,BOND,1
T07693,W0024,W0002,974220.87,2025-05-31 08:50:29,BOND,1
T04547,W0088,W0010,632315.8,2025-05-31 10:00:00,FX,0
T01150,W0049,W0088,437453.54,2025-05-31 12:48:00,FX,0
T00582,W0048,W0038,623587.19,2025-05-31 17:22:00,BOND,0
T05855,W0058,W0078,491730.85,2025-05-31 18:07:00,USD,0
T01987,W0057,W0083,373936.13,2025-05-31 13:06:00,FX,0
T01277,W0006,W0075,448206.59,2025-05-31 14:41:00,BOND,0
T00008,W0015,W0074,476711.72,2025-05-31 14:43:00,FX,0
T05902,W0008,W0037,632661.23,2025-05-31 11:02:00,BOND,0
T05476,W0099,W0063,385651.57,2025-05-31 15:07:00,BOND,0
T07352,W0090,W0090,514876.39,2025-05-31 12:40:00,BOND,0
T01939,W0076,W0011,469039.72,2025-05-31 11:20:00,FX,0
T00083,W0066,W0005,481386.95,2025-05-31 15:45:00,USD,0
T01416,W0050,W0076,405110.12,2025-05-31 18:51:00,BOND,0
T01857,W0061,W0028,326648.26,2025-05-31 09:27:00,BOND,0
T07381,W0033,W0017,486941.22,2025-05-31 12:23:00,USD,0
T02094,W0100,W0092,445489.92,2025-05-31 18:12:00,USD,0
T03887,W0067,W0055,553894.02,2025-05-31 14:33:00,FX,0
T07698,W0024,W0040,1039397.75,2025-05-31 07:50:29,USD,1
T03110,W0008,W0053,627457.18,2025-05-31 16:35:00,USD,0
T06022,W0032,W0059,501921.45,2025-05-31 11:12:00,FX,0
T02133,W0067,W0003,657996.8,2025-05-31 09:43:00,BOND,0
T08320,W0045,W0071,902129.57,2025-05-31 07:50:29,FX,1
T00085,W0058,W0070,530907.37,2025-05-31 14:28:00,USD,0
T05691,W0054,W0024,496920.27,2025-05-31 13:33:00,USD,0
T08443,W0010,W0021,959671.13,2025-05-31 06:50:29,BOND,1
T08616,W0030,W0041,1061777.92,2025-05-31 07:50:29,USD,1
T03670,W0007,W0092,480628.06,2025-05-31 13:34:00,USD,0
T08777,W0009,W0041,952006.43,2025-05-31 06:50:29,FX,1
T07642,W0095,W0039,547725.37,2025-05-31 12:50:00,USD,0
T04099,W0019,W0071,567035.32,2025-05-31 14:38:00,FX,0
T08863,W0074,W0079,1162308.93,2025-05-31 07:50:29,USD,1
T02432,W0055,W0096,434110.56,2025-05-31 09:10:00,FX,0
T07499,W0049,W0001,372784.8,2025-05-31 09:12:00,USD,0
T01745,W0045,W0035,386150.71,2025-05-31 12:34:00,BOND,0
T03435,W0077,W0070,477045.71,2025-05-31 15:07:00,USD,0
T09272,W0016,W0071,1181918.69,2025-05-31 06:50:29,BOND,1
T03641,W0055,W0091,563622.87,2025-05-31 12:25:00,BOND,0
T00665,W0003,W0044,589508.1,2025-05-31 14:07:00,BOND,0
T00557,W0023,W0069,551591.6,2025-05-31 09:05:00,USD,0
T03658,W0027,W0082,523620.96,2025-05-31 17:51:00,BOND,0
T04227,W0049,W0015,521985.26,2025-05-31 10:36:00,BOND,0
T02757,W0088,W0086,561574.9,2025-05-31 17:34:00,USD,0
T08581,W0016,W0059,1074571.92,2025-05-31 07:50:29,USD,1
T09734,W0049,W0024,975865.35,2025-05-31 08:50:29,BOND,1
T05077,W0081,W0067,484078.24,2025-05-31 17:03:00,USD,0
T05280,W0002,W0036,369304.16,2025-05-31 11:20:00,BOND,0
T08236,W0087,W0071,901583.11,2025-05-31 07:50:29,FX,1
T06559,W0100,W0044,494202.71,2025-05-31 14:58:00,BOND,0
T04116,W0021,W0028,576518.4,2025-05-31 18:38:00,USD,0
T02714,W0065,W0092,465822.11,2025-05-31 18:34:00,USD,0
T03714,W0042,W0046,508679.29,2025-05-31 11:40:00,USD,0
T08985,W0053,W0040,920867.07,2025-05-31 06:50:29,USD,1
T08171,W0051,W0090,1099594.2,2025-05-31 06:50:29,FX,1
T04000,W0091,W0042,457266.09,2025-05-31 16:01:00,FX,0
T01798,W0059,W0091,626562.23,2025-05-31 09:22:00,BOND,0
T03185,W0062,W0063,476959.46,2025-05-31 11:21:00,USD,0
T05727,W0062,W0008,388169.48,2025-05-31 11:24:00,USD,0
T00866,W0071,W0025,429962.87,2025-05-31 17:21:00,USD,0
T04096,W0092,W0060,437800.59,2025-05-31 18:41:00,BOND,0
T01578,W0004,W0080,569786.64,2025-05-31 15:15:00,USD,0
T00904,W0036,W0018,526126.57,2025-05-31 11:10:00,FX,0
T03487,W0074,W0083,487111.97,2025-05-31 14:44:00,USD,0
T09136,W0072,W0072,938017.84,2025-05-31 07:50:29,BOND,1
T01941,W0025,W0047,447190.11,2025-05-31 15:32:00,FX,0
T04694,W0017,W0067,375405.48,2025-05-31 09:20:00,FX,0
T03833,W0093,W0043,484040.77,2025-05-31 09:52:00,BOND,0
T07891,W0076,W0098,1113489.9,2025-05-31 06:50:29,BOND,1
T04824,W0038,W0055,415450.82,2025-05-31 18:37:00,BOND,0
T03910,W0033,W0077,511119.5,2025-05-31 09:47:00,USD,0
T02821,W0028,W0024,455654.98,2025-05-31 18:35:00,FX,0
T00052,W0079,W0064,541435.01,2025-05-31 12:48:00,USD,0
T07496,W0053,W0086,590925.33,2025-05-31 10:36:00,FX,0
T04293,W0034,W0063,594807.4,2025-05-31 16:07:00,BOND,0
T01340,W0037,W0024,503797.47,2025-05-31 12:19:00,BOND,0
T09963,W0044,W0031,1054038.34,2025-05-31 08:50:29,USD,1
T04365,W0099,W0006,491930.23,2025-05-31 16:19:00,FX,0
T09865,W0008,W0100,938207.78,2025-05-31 08:50:29,FX,1
T06421,W0045,W0076,522760.11,2025-05-31 14:07:00,FX,0
T00776,W0032,W0043,513260.72,2025-05-31 13:35:00,BOND,0
T01084,W0013,W0048,465507.26,2025-05-31 14:50:00,BOND,0
T01261,W0040,W0020,439087.18,2025-05-31 14:55:00,BOND,0
T03673,W0088,W0003,466051.25,2025-05-31 13:31:00,FX,0
T05506,W0096,W0019,403219.3,2025-05-31 09:28:00,FX,0
T04031,W0030,W0003,483503.05,2025-05-31 09:50:00,BOND,0
T08132,W0094,W0019,900721.61,2025-05-31 06:50:29,USD,1
T05903,W0033,W0051,514858.78,2025-05-31 12:40:00,FX,0
T02345,W0052,W0024,511765.54,2025-05-31 16:35:00,BOND,0
T09243,W0075,W0097,1080136.81,2025-05-31 07:50:29,USD,1
T05391,W0037,W0059,589268.23,2025-05-31 13:25:00,USD,0
T03687,W0025,W0096,596911.76,2025-05-31 14:40:00,FX,0
T04225,W0027,W0016,578705.95,2025-05-31 18:38:00,BOND,0
T01120,W0076,W0010,356931.74,2025-05-31 12:04:00,USD,0
T00900,W0024,W0050,338236.01,2025-05-31 15:50:00,BOND,0
T02010,W0100,W0082,562020.74,2025-05-31 09:47:00,FX,0
T06551,W0063,W0063,508978.96,2025-05-31 18:26:00,USD,0
T05698,W0058,W0058,532934.29,2025-05-31 14:49:00,BOND,0
T03370,W0085,W0084,477833.92,2025-05-31 12:19:00,USD,0
T03697,W0027,W0079,390467.35,2025-05-31 16:17:00,FX,0
T02622,W0064,W0026,607578.04,2025-05-31 14:43:00,BOND,0
T09086,W0001,W0099,1133004.54,2025-05-31 06:50:29,FX,1
T09353,W0074,W0080,1058146.16,2025-05-31 07:50:29,USD,1
T00749,W0025,W0086,556147.81,2025-05-31 15:02:00,BOND,0
T09392,W0023,W0046,1198576.2,2025-05-31 06:50:29,USD,1
T04596,W0074,W0094,325598.59,2025-05-31 12:29:00,FX,0
T01723,W0019,W0053,453312.01,2025-05-31 14:13:00,FX,0
T04406,W0046,W0006,611881.92,2025-05-31 13:08:00,USD,0
T01805,W0073,W0098,445319.82,2025-05-31 09:34:00,FX,0
T08024,W0041,W0095,987011.16,2025-05-31 08:50:29,FX,1
T04656,W0053,W0042,640074.28,2025-05-31 13:05:00,FX,0
T07314,W0054,W0065,590949.9,2025-05-31 15:19:00,FX,0
T03522,W0085,W0066,497218.08,2025-05-31 10:40:00,USD,0
T07528,W0030,W0033,705523.41,2025-05-31 10:27:00,USD,0
T06726,W0006,W0021,477338.23,2025-05-31 10:13:00,FX,0
T01507,W0052,W0043,469291.5,2025-05-31 09:40:00,USD,0
T02705,W0070,W0048,617704.31,2025-05-31 13:00:00,FX,0
T01417,W0067,W0096,566523.03,2025-05-31 16:16:00,USD,0
T02356,W0001,W0028,433396.55,2025-05-31 10:20:00,BOND,0
T08721,W0018,W0086,926450.9,2025-05-31 06:50:29,FX,1
T07839,W0040,W0098,1025665.82,2025-05-31 07:50:29,FX,1
T07337,W0032,W0029,512878.47,2025-05-31 15:29:00,USD,0
T02612,W0069,W0013,434666.84,2025-05-31 10:53:00,BOND,0
T04857,W0004,W0016,542229.5,2025-05-31 18:06:00,BOND,0
T02515,W0092,W0089,509548.52,2025-05-31 16:48:00,FX,0
T02204,W0098,W0075,499334.95,2025-05-31 10:12:00,USD,0
T00094,W0007,W0057,422977.89,2025-05-31 16:30:00,USD,0
T00853,W0065,W0009,421750.27,2025-05-31 11:38:00,FX,0
T00507,W0009,W0040,388645.99,2025-05-31 14:17:00,BOND,0
T03876,W0029,W0022,526109.2,2025-05-31 12:00:00,USD,0
T02547,W0016,W0020,458249.53,2025-05-31 09:56:00,BOND,0
T04936,W0015,W0022,464574.15,2025-05-31 12:37:00,FX,0
T03265,W0018,W0095,264337.69,2025-05-31 12:03:00,BOND,0
T01301,W0049,W0027,602271.75,2025-05-31 12:44:00,USD,0
T08997,W0091,W0017,1144885.04,2025-05-31 06:50:29,BOND,1
T07306,W0093,W0024,431775.08,2025-05-31 09:21:00,FX,0
T09407,W0100,W0073,1030026.39,2025-05-31 07:50:29,FX,1
T02642,W0069,W0019,583550.77,2025-05-31 10:35:00,BOND,0
T04572,W0040,W0064,518822.45,2025-05-31 15:19:00,FX,0
T09103,W0048,W0082,1185710.42,2025-05-31 07:50:29,USD,1
T04409,W0072,W0033,490166.59,2025-05-31 15:53:00,USD,0
T09457,W0039,W0095,1024766.12,2025-05-31 08:50:29,BOND,1
T05087,W0026,W0016,627683.7,2025-05-31 09:32:00,FX,0
T01157,W0094,W0081,514995.59,2025-05-31 14:04:00,BOND,0
T03699,W0012,W0092,518395.0,2025-05-31 17:17:00,FX,0
T08001,W0052,W0068,940805.27,2025-05-31 06:50:29,FX,1
T07681,W0081,W0020,1192543.88,2025-05-31 08:50:29,BOND,1
T03308,W0043,W0004,579710.04,2025-05-31 11:04:00,USD,0
T02249,W0048,W0075,494244.97,2025-05-31 13:33:00,FX,0
T09771,W0085,W0047,1197607.8,2025-05-31 06:50:29,BOND,1
T09873,W0082,W0073,1149869.36,2025-05-31 08:50:29,USD,1
T01551,W0004,W0022,361657.84,2025-05-31 12:14:00,FX,0
T05392,W0055,W0071,616847.32,2025-05-31 17:47:00,FX,0
T07551,W0055,W0061,470136.9,2025-05-31 10:05:00,FX,0
T00246,W0056,W0015,508015.26,2025-05-31 11:12:00,USD,0
T00428,W0037,W0042,453220.06,2025-05-31 18:28:00,FX,0
T08127,W0058,W0089,931686.9,2025-05-31 08:50:29,BOND,1
T00630,W0062,W0067,548458.12,2025-05-31 11:21:00,FX,0
T03407,W0021,W0015,600142.49,2025-05-31 11:41:00,BOND,0
T06358,W0046,W0052,486822.98,2025-05-31 13:35:00,USD,0
T08533,W0018,W0030,1118956.53,2025-05-31 06:50:29,BOND,1
T04819,W0008,W0026,481541.76,2025-05-31 11:19:00,BOND,0
T02606,W0015,W0099,563556.88,2025-05-31 09:49:00,USD,0
T02022,W0052,W0003,504174.32,2025-05-31 14:54:00,BOND,0
T02736,W0064,W0048,548246.54,2025-05-31 11:02:00,FX,0
T09624,W0004,W0034,1073636.25,2025-05-31 06:50:29,USD,1
T01848,W0068,W0085,572626.53,2025-05-31 18:44:00,FX,0
T00755,W0039,W0037,537223.32,2025-05-31 14:46:00,BOND,0
T06592,W0070,W0068,432799.87,2025-05-31 09:50:00,BOND,0
T05778,W0053,W0037,427682.83,2025-05-31 15:05:00,FX,0
T09640,W0062,W0016,916280.1,2025-05-31 07:50:29,FX,1
T08075,W0065,W0071,1148866.39,2025-05-31 06:50:29,FX,1
T04752,W0033,W0099,555139.89,2025-05-31 10:14:00,BOND,0
T02448,W0063,W0024,512470.0,2025-05-31 12:23:00,USD,0
T02781,W0008,W0016,471649.04,2025-05-31 11:28:00,FX,0
T07461,W0026,W0075,551092.25,2025-05-31 09:20:00,BOND,0
T09948,W0020,W0091,1178370.18,2025-05-31 06:50:29,FX,1
T01962,W0031,W0054,625864.69,2025-05-31 09:20:00,FX,0
T01314,W0070,W0016,586242.17,2025-05-31 10:36:00,FX,0
T01954,W0037,W0018,542685.04,2025-05-31 10:10:00,BOND,0
T07870,W0077,W0056,1089415.72,2025-05-31 06:50:29,FX,1
T00815,W0009,W0043,591898.96,2025-05-31 12:05:00,FX,0
T00015,W0086,W0001,494011.55,2025-05-31 09:55:00,BOND,0
T06234,W0057,W0018,510164.5,2025-05-31 19:00:00,BOND,0
T02278,W0081,W0040,419947.69,2025-05-31 09:24:00,BOND,0
T09931,W0096,W0096,1013151.04,2025-05-31 08:50:29,FX,1
T08705,W0100,W0020,1003333.72,2025-05-31 08:50:29,FX,1
T09312,W0051,W0062,1050455.24,2025-05-31 07:50:29,FX,1
T04993,W0021,W0096,568583.29,2025-05-31 09:19:00,USD,0
T08633,W0082,W0015,1095717.16,2025-05-31 07:50:29,BOND,1
T06874,W0013,W0100,545937.43,2025-05-31 10:19:00,BOND,0
T08185,W0029,W0062,941447.14,2025-05-31 08:50:29,USD,1
T01123,W0073,W0018,678255.18,2025-05-31 11:25:00,BOND,0
T06517,W0066,W0007,360959.16,2025-05-31 18:52:00,USD,0
T06307,W0086,W0100,473639.86,2025-05-31 10:40:00,USD,0
T06230,W0005,W0024,480746.23,2025-05-31 11:03:00,BOND,0
T08364,W0044,W0050,1007008.74,2025-05-31 08:50:29,BOND,1
T06314,W0056,W0052,520278.49,2025-05-31 10:40:00,FX,0
T05777,W0072,W0021,476533.43,2025-05-31 10:27:00,USD,0
T00916,W0089,W0037,569103.91,2025-05-31 16:42:00,BOND,0
T05625,W0072,W0064,447907.62,2025-05-31 09:23:00,FX,0
T01329,W0052,W0066,568381.71,2025-05-31 11:53:00,FX,0
T06606,W0059,W0033,463562.25,2025-05-31 14:16:00,BOND,0
T02989,W0028,W0037,611176.22,2025-05-31 11:45:00,USD,0
T04940,W0016,W0066,508218.98,2025-05-31 09:23:00,BOND,0
T06303,W0099,W0069,481121.47,2025-05-31 12:49:00,USD,0
T02784,W0072,W0096,567652.12,2025-05-31 14:08:00,BOND,0
T03847,W0008,W0040,506852.05,2025-05-31 17:09:00,USD,0
T08879,W0004,W0020,1096489.06,2025-05-31 07:50:29,USD,1
T03922,W0076,W0040,534244.64,2025-05-31 18:30:00,USD,0
T02939,W0012,W0061,635338.49,2025-05-31 14:52:00,USD,0
T08401,W0099,W0002,1158883.0,2025-05-31 08:50:29,FX,1
T02140,W0092,W0003,511866.61,2025-05-31 16:36:00,FX,0
T00288,W0086,W0003,505448.05,2025-05-31 18:14:00,BOND,0
T07114,W0081,W0080,477450.89,2025-05-31 12:15:00,BOND,0
T02903,W0068,W0088,538361.74,2025-05-31 11:24:00,BOND,0
T08857,W0100,W0073,1085456.54,2025-05-31 06:50:29,BOND,1
T00681,W0055,W0049,394789.98,2025-05-31 10:39:00,FX,0
T04477,W0044,W0049,550871.56,2025-05-31 11:32:00,FX,0
T05751,W0028,W0067,474067.62,2025-05-31 16:53:00,BOND,0
T02866,W0083,W0054,519620.16,2025-05-31 10:29:00,USD,0
T09907,W0007,W0067,922162.36,2025-05-31 06:50:29,BOND,1
T00364,W0020,W0096,535773.52,2025-05-31 15:12:00,BOND,0
T07633,W0016,W0038,447286.45,2025-05-31 14:56:00,BOND,0
T08391,W0069,W0037,971725.3,2025-05-31 06:50:29,FX,1
T09859,W0050,W0084,977101.24,2025-05-31 07:50:29,USD,1
T03647,W0069,W0021,571126.5,2025-05-31 13:44:00,FX,0
T08763,W0050,W0030,972577.15,2025-05-31 06:50:29,USD,1
T04592,W0088,W0020,521309.83,2025-05-31 15:05:00,USD,0
T01663,W0082,W0038,473982.29,2025-05-31 12:54:00,BOND,0
T06896,W0021,W0034,533228.12,2025-05-31 11:01:00,BOND,0
T00216,W0057,W0031,445487.66,2025-05-31 18:28:00,USD,0
T02377,W0012,W0056,423828.54,2025-05-31 13:42:00,BOND,0
T02477,W0062,W0012,518407.63,2025-05-31 14:31:00,BOND,0
T01536,W0034,W0015,564453.72,2025-05-31 16:42:00,USD,0
T09076,W0019,W0092,1062716.44,2025-05-31 08:50:29,FX,1
T01354,W0081,W0054,476413.6,2025-05-31 10:03:00,BOND,0
T02036,W0066,W0100,455709.67,2025-05-31 12:12:00,BOND,0
T05878,W0036,W0061,364429.86,2025-05-31 12:55:00,BOND,0
T01932,W0001,W0035,641594.78,2025-05-31 11:12:00,FX,0
T09434,W0061,W0075,1056975.21,2025-05-31 06:50:29,USD,1
T07922,W0058,W0087,978461.29,2025-05-31 08:50:29,USD,1
T06372,W0083,W0031,422019.58,2025-05-31 18:29:00,USD,0
T04297,W0056,W0020,486471.78,2025-05-31 18:28:00,FX,0
T01555,W0072,W0075,647292.28,2025-05-31 12:31:00,BOND,0
T00022,W0059,W0023,529977.29,2025-05-31 09:52:00,BOND,0
T00048,W0083,W0029,482622.55,2025-05-31 17:43:00,FX,0
T00735,W0011,W0042,433560.89,2025-05-31 18:04:00,BOND,0
T02467,W0013,W0089,404232.75,2025-05-31 18:51:00,BOND,0
T04744,W0080,W0067,522925.12,2025-05-31 16:43:00,FX,0
T02924,W0053,W0088,593193.85,2025-05-31 17:49:00,FX,0
T09281,W0021,W0088,1063912.75,2025-05-31 06:50:29,USD,1
T08464,W0035,W0099,999985.23,2025-05-31 06:50:29,BOND,1
T02351,W0094,W0011,467556.89,2025-05-31 10:27:00,FX,0
T06921,W0035,W0064,522900.97,2025-05-31 17:33:00,USD,0
T00994,W0078,W0077,449546.25,2025-05-31 18:40:00,FX,0
T05135,W0024,W0012,685103.88,2025-05-31 17:32:00,FX,0
T00561,W0037,W0084,546257.32,2025-05-31 12:16:00,USD,0
T02111,W0080,W0072,417611.92,2025-05-31 17:55:00,BOND,0
T02396,W0054,W0043,502699.46,2025-05-31 15:32:00,FX,0
T02427,W0058,W0013,498726.64,2025-05-31 12:48:00,BOND,0
T08804,W0072,W0081,986283.05,2025-05-31 08:50:29,FX,1
T05724,W0081,W0032,573678.05,2025-05-31 15:19:00,FX,0
T03175,W0087,W0016,599902.9,2025-05-31 17:12:00,BOND,0
T03268,W0092,W0094,545985.03,2025-05-31 12:57:00,BOND,0
T08765,W0097,W0010,1037838.64,2025-05-31 07:50:29,BOND,1
T01623,W0038,W0054,455628.2,2025-05-31 09:35:00,FX,0
T08053,W0006,W0039,926769.8,2025-05-31 07:50:29,USD,1
T01866,W0090,W0019,584222.85,2025-05-31 14:38:00,FX,0
T01497,W0062,W0014,463812.75,2025-05-31 17:28:00,FX,0
T01964,W0051,W0052,490272.03,2025-05-31 12:59:00,USD,0
T06182,W0022,W0064,269758.64,2025-05-31 17:22:00,FX,0
T00002,W0090,W0054,567468.06,2025-05-31 13:19:00,BOND,0
T07911,W0070,W0054,1099759.18,2025-05-31 08:50:29,FX,1
T08956,W0018,W0055,1175370.83,2025-05-31 08:50:29,USD,1
T06407,W0048,W0003,548703.47,2025-05-31 17:21:00,USD,0
T02019,W0032,W0096,377556.43,2025-05-31 16:50:00,BOND,0
T06819,W0026,W0029,546459.97,2025-05-31 15:05:00,BOND,0
T04813,W0049,W0066,452486.62,2025-05-31 17:55:00,FX,0
T04831,W0092,W0093,385576.72,2025-05-31 17:14:00,FX,0
T01382,W0062,W0095,449954.66,2025-05-31 12:36:00,FX,0
T05295,W0014,W0030,453666.92,2025-05-31 11:43:00,FX,0
T07425,W0038,W0026,435938.36,2025-05-31 12:08:00,USD,0
T05545,W0049,W0067,453375.61,2025-05-31 15:23:00,BOND,0
T00039,W0010,W0100,471564.81,2025-05-31 17:22:00,FX,0
T00672,W0096,W0068,469825.68,2025-05-31 15:20:00,USD,0
T07085,W0067,W0040,516402.67,2025-05-31 09:33:00,USD,0
T09091,W0046,W0085,1125787.33,2025-05-31 08:50:29,FX,1
T00371,W0025,W0012,378304.41,2025-05-31 13:05:00,USD,0
T05126,W0017,W0094,580281.85,2025-05-31 12:09:00,BOND,0
T00703,W0048,W0054,615270.9,2025-05-31 12:09:00,USD,0
T08125,W0011,W0063,1123248.62,2025-05-31 06:50:29,BOND,1
T08082,W0074,W0011,940981.21,2025-05-31 08:50:29,FX,1
T07207,W0065,W0073,490529.2,2025-05-31 16:52:00,USD,0
T08946,W0086,W0047,1132918.64,2025-05-31 07:50:29,FX,1
T08774,W0073,W0074,1070083.14,2025-05-31 07:50:29,BOND,1
T09182,W0047,W0031,967762.87,2025-05-31 07:50:29,BOND,1
T04574,W0096,W0012,467129.24,2025-05-31 18:21:00,BOND,0
T02277,W0067,W0040,399601.52,2025-05-31 11:42:00,FX,0
T04983,W0076,W0058,438909.74,2025-05-31 13:21:00,USD,0
T01075,W0009,W0015,579373.36,2025-05-31 16:34:00,FX,0
T05232,W0048,W0092,316619.78,2025-05-31 17:53:00,BOND,0
T00751,W0064,W0018,454053.73,2025-05-31 10:15:00,FX,0
T00346,W0066,W0079,587021.04,2025-05-31 09:11:00,USD,0
T08880,W0025,W0002,932678.95,2025-05-31 07:50:29,USD,1
T01403,W0099,W0006,612975.52,2025-05-31 16:55:00,FX,0
T08188,W0041,W0025,910959.69,2025-05-31 07:50:29,BOND,1
T02165,W0099,W0093,437132.55,2025-05-31 16:44:00,USD,0
T03730,W0012,W0059,524886.96,2025-05-31 17:57:00,USD,0
T03990,W0010,W0015,502711.28,2025-05-31 17:41:00,BOND,0
T03052,W0003,W0085,530401.92,2025-05-31 09:17:00,BOND,0
T00460,W0001,W0073,561164.52,2025-05-31 12:42:00,FX,0
T01319,W0034,W0007,637593.44,2025-05-31 17:44:00,USD,0
T01858,W0072,W0024,448982.05,2025-05-31 18:36:00,USD,0
T05991,W0079,W0042,513427.04,2025-05-31 15:51:00,FX,0
T07181,W0080,W0030,462200.97,2025-05-31 09:03:00,USD,0
T07990,W0029,W0037,949563.36,2025-05-31 06:50:29,FX,1
T06129,W0008,W0089,695145.3,2025-05-31 09:02:00,FX,0
T07538,W0015,W0011,569814.13,2025-05-31 13:32:00,USD,0
T08584,W0018,W0030,1149042.18,2025-05-31 06:50:29,FX,1
T09309,W0047,W0028,1118697.1,2025-05-31 08:50:29,USD,1
T05965,W0040,W0073,346677.16,2025-05-31 14:20:00,FX,0
T04564,W0002,W0060,402422.84,2025-05-31 09:44:00,BOND,0
T03013,W0018,W0014,554593.45,2025-05-31 12:16:00,USD,0
T00739,W0098,W0023,480596.85,2025-05-31 12:49:00,FX,0
T03991,W0082,W0075,518130.14,2025-05-31 16:26:00,FX,0
T05540,W0050,W0038,339338.73,2025-05-31 14:07:00,BOND,0
T06074,W0089,W0086,360640.91,2025-05-31 14:17:00,BOND,0
T04696,W0002,W0003,507936.23,2025-05-31 18:25:00,FX,0
T03810,W0086,W0078,520224.82,2025-05-31 12:46:00,BOND,0
T05668,W0032,W0096,598010.83,2025-05-31 13:37:00,FX,0
T02412,W0011,W0040,333076.91,2025-05-31 16:23:00,USD,0
T04777,W0069,W0084,601515.8,2025-05-31 09:17:00,FX,0
T03586,W0026,W0083,562993.2,2025-05-31 12:01:00,USD,0
T07388,W0044,W0060,474662.21,2025-05-31 17:07:00,FX,0
T04211,W0049,W0039,557194.67,2025-05-31 12:25:00,FX,0
T02577,W0066,W0006,478562.02,2025-05-31 09:26:00,FX,0
T09516,W0066,W0071,1184094.36,2025-05-31 08:50:29,USD,1
T07980,W0066,W0051,987350.87,2025-05-31 08:50:29,BOND,1
T01574,W0087,W0020,445228.12,2025-05-31 14:00:00,BOND,0
T05125,W0046,W0009,353016.46,2025-05-31 18:16:00,FX,0
T05924,W0044,W0047,501460.18,2025-05-31 11:15:00,USD,0
T03831,W0040,W0075,444177.76,2025-05-31 15:24:00,BOND,0
T02871,W0032,W0094,470212.42,2025-05-31 11:54:00,FX,0
T07981,W0004,W0075,1099676.8,2025-05-31 07:50:29,BOND,1
T06070,W0078,W0001,467617.02,2025-05-31 16:12:00,USD,0
T08650,W0014,W0078,957754.37,2025-05-31 06:50:29,USD,1
T08809,W0019,W0040,1170482.78,2025-05-31 06:50:29,BOND,1
T02065,W0095,W0034,623594.93,2025-05-31 16:33:00,USD,0
T04619,W0084,W0039,434349.77,2025-05-31 11:46:00,USD,0
T09560,W0051,W0097,1058819.0,2025-05-31 06:50:29,BOND,1
T03488,W0075,W0036,543878.77,2025-05-31 18:15:00,USD,0
T09750,W0008,W0083,1189356.41,2025-05-31 06:50:29,FX,1
T09820,W0089,W0001,1029106.49,2025-05-31 07:50:29,BOND,1
T05172,W0029,W0049,477638.98,2025-05-31 10:02:00,BOND,0
T06255,W0013,W0027,520186.96,2025-05-31 16:19:00,BOND,0
T05717,W0010,W0096,421409.12,2025-05-31 09:55:00,BOND,0
T05677,W0094,W0025,403971.73,2025-05-31 14:15:00,FX,0
T01608,W0092,W0031,289712.59,2025-05-31 17:12:00,BOND,0
T01110,W0017,W0064,533031.3,2025-05-31 15:43:00,USD,0
T02238,W0045,W0046,509558.59,2025-05-31 18:39:00,USD,0
T04224,W0030,W0002,591159.5,2025-05-31 09:12:00,USD,0
T09028,W0058,W0015,912211.08,2025-05-31 07:50:29,USD,1
T00683,W0089,W0001,500189.5,2025-05-31 16:27:00,USD,0
T05708,W0020,W0099,419237.32,2025-05-31 09:10:00,BOND,0
T04644,W0029,W0079,282271.53,2025-05-31 10:02:00,USD,0
T04186,W0043,W0074,412236.96,2025-05-31 12:58:00,FX,0
T06023,W0005,W0071,464904.1,2025-05-31 09:20:00,BOND,0
T08696,W0075,W0081,1111172.12,2025-05-31 07:50:29,FX,1
T02062,W0016,W0006,542902.57,2025-05-31 17:11:00,FX,0
T06595,W0042,W0095,662445.65,2025-05-31 14:38:00,USD,0
T09490,W0067,W0031,1116134.71,2025-05-31 07:50:29,FX,1
T09726,W0090,W0046,1093333.54,2025-05-31 08:50:29,FX,1
T08466,W0020,W0088,1101476.92,2025-05-31 08:50:29,USD,1
T05839,W0097,W0047,510818.65,2025-05-31 18:18:00,USD,0
T05304,W0048,W0031,488897.48,2025-05-31 10:15:00,USD,0
T02199,W0012,W0068,385168.92,2025-05-31 16:18:00,FX,0
T02221,W0004,W0060,519173.74,2025-05-31 17:39:00,FX,0
T00230,W0034,W0039,422204.98,2025-05-31 11:16:00,USD,0
T08435,W0025,W0088,1019245.77,2025-05-31 06:50:29,BOND,1
T05460,W0097,W0070,501357.91,2025-05-31 16:35:00,BOND,0
T00709,W0004,W0003,531030.39,2025-05-31 12:28:00,FX,0
T05715,W0092,W0022,539733.66,2025-05-31 11:51:00,FX,0
T02337,W0047,W0071,622062.77,2025-05-31 10:42:00,FX,0
T04404,W0020,W0046,616241.82,2025-05-31 11:13:00,BOND,0
T07583,W0044,W0075,605094.35,2025-05-31 10:20:00,USD,0
T07755,W0011,W0057,1087858.6,2025-05-31 06:50:29,BOND,1
T07071,W0052,W0093,606727.76,2025-05-31 18:05:00,FX,0
T03392,W0033,W0074,604353.97,2025-05-31 12:29:00,BOND,0
T06218,W0087,W0018,529686.57,2025-05-31 12:15:00,USD,0
T06951,W0010,W0013,449784.63,2025-05-31 10:30:00,FX,0
T05078,W0074,W0069,555986.31,2025-05-31 15:54:00,FX,0
T00746,W0086,W0041,481446.34,2025-05-31 10:41:00,FX,0
T03123,W0058,W0100,423053.07,2025-05-31 17:08:00,USD,0
T01721,W0080,W0041,440752.87,2025-05-31 10:54:00,FX,0
T07422,W0021,W0036,538823.0,2025-05-31 10:51:00,BOND,0
T06675,W0042,W0063,438089.3,2025-05-31 15:18:00,USD,0
T02738,W0015,W0054,396877.35,2025-05-31 17:38:00,FX,0
T02193,W0059,W0075,455829.35,2025-05-31 14:03:00,USD,0
T04977,W0061,W0096,590122.47,2025-05-31 18:08:00,FX,0
T07457,W0098,W0066,556397.48,2025-05-31 17:40:00,FX,0
T09701,W0093,W0039,925134.76,2025-05-31 08:50:29,BOND,1
T01769,W0076,W0077,442216.76,2025-05-31 17:56:00,BOND,0
T00542,W0009,W0025,466550.13,2025-05-31 13:12:00,BOND,0
T05785,W0035,W0024,513711.15,2025-05-31 15:52:00,BOND,0
T03091,W0050,W0041,489157.72,2025-05-31 12:39:00,USD,0
T09065,W0095,W0036,1100033.28,2025-05-31 08:50:29,FX,1
T03590,W0068,W0094,590086.78,2025-05-31 13:12:00,USD,0
T09631,W0041,W0075,1099875.24,2025-05-31 08:50:29,FX,1
T07477,W0057,W0012,589947.07,2025-05-31 14:33:00,FX,0
T08477,W0084,W0027,1076901.17,2025-05-31 08:50:29,USD,1
T03895,W0047,W0004,446318.71,2025-05-31 15:21:00,USD,0
T01119,W0040,W0032,591559.09,2025-05-31 11:05:00,BOND,0
T01687,W0001,W0047,437790.06,2025-05-31 16:43:00,USD,0
T07366,W0097,W0001,672004.51,2025-05-31 18:22:00,BOND,0
T02579,W0023,W0027,536878.71,2025-05-31 18:53:00,USD,0
T06369,W0046,W0003,526104.58,2025-05-31 11:56:00,FX,0
T06494,W0058,W0045,532493.61,2025-05-31 10:09:00,FX,0
T03075,W0039,W0093,481507.24,2025-05-31 11:48:00,BOND,0
T07718,W0070,W0071,989484.68,2025-05-31 08:50:29,FX,1
T00395,W0060,W0024,459385.09,2025-05-31 14:10:00,USD,0
T09449,W0026,W0080,915127.71,2025-05-31 06:50:29,USD,1
T00314,W0048,W0017,488411.68,2025-05-31 12:33:00,FX,0
T02980,W0049,W0013,563820.1,2025-05-31 12:12:00,USD,0
T06734,W0075,W0086,490025.03,2025-05-31 11:04:00,BOND,0
T06829,W0002,W0008,311924.01,2025-05-31 18:08:00,USD,0
T01232,W0037,W0036,429582.2,2025-05-31 18:38:00,FX,0
T09763,W0006,W0028,910118.38,2025-05-31 08:50:29,USD,1
T06652,W0030,W0029,488255.39,2025-05-31 16:45:00,BOND,0
T09974,W0012,W0006,1056123.51,2025-05-31 06:50:29,FX,1
T02020,W0067,W0066,461574.84,2025-05-31 09:37:00,USD,0
T05395,W0041,W0034,502736.37,2025-05-31 09:56:00,USD,0
T07523,W0023,W0049,493771.57,2025-05-31 16:33:00,FX,0
T09828,W0010,W0033,1047787.32,2025-05-31 07:50:29,FX,1
T09464,W0023,W0038,910743.71,2025-05-31 06:50:29,FX,1
T07285,W0007,W0084,428144.51,2025-05-31 15:46:00,FX,0
T09809,W0007,W0046,927814.82,2025-05-31 07:50:29,FX,1
T01967,W0025,W0083,585683.33,2025-05-31 12:16:00,BOND,0
T00030,W0001,W0052,588294.78,2025-05-31 09:42:00,BOND,0
T08902,W0092,W0047,1156050.34,2025-05-31 08:50:29,USD,1
T02039,W0003,W0007,453271.56,2025-05-31 16:29:00,USD,0
T02638,W0049,W0082,467151.83,2025-05-31 10:41:00,USD,0
T05414,W0039,W0068,500137.07,2025-05-31 12:23:00,BOND,0
T09419,W0005,W0073,993732.02,2025-05-31 08:50:29,FX,1
T08237,W0100,W0014,908238.22,2025-05-31 06:50:29,USD,1
T00608,W0028,W0009,611923.17,2025-05-31 16:15:00,FX,0
T00380,W0089,W0023,440671.11,2025-05-31 17:35:00,FX,0
T05922,W0066,W0037,522802.37,2025-05-31 16:50:00,USD,0
T05784,W0086,W0063,655800.71,2025-05-31 13:42:00,USD,0
T09486,W0016,W0009,925898.45,2025-05-31 06:50:29,BOND,1
T03280,W0025,W0095,570612.82,2025-05-31 15:55:00,BOND,0
T00099,W0016,W0094,578169.33,2025-05-31 16:50:00,USD,0
T02124,W0032,W0047,511161.69,2025-05-31 09:49:00,BOND,0
T06856,W0042,W0007,470895.0,2025-05-31 12:06:00,USD,0
T09995,W0099,W0048,1092853.34,2025-05-31 07:50:29,BOND,1
T09504,W0072,W0072,1161686.86,2025-05-31 07:50:29,BOND,1
T04660,W0070,W0021,483938.73,2025-05-31 15:04:00,BOND,0
T06832,W0094,W0006,589661.91,2025-05-31 10:22:00,BOND,0
T07936,W0065,W0016,933073.13,2025-05-31 06:50:29,USD,1
T05923,W0031,W0033,624615.19,2025-05-31 09:36:00,FX,0
T07796,W0087,W0086,1119840.49,2025-05-31 08:50:29,BOND,1
T07539,W0041,W0060,466028.29,2025-05-31 13:23:00,FX,0
T08071,W0088,W0024,946419.28,2025-05-31 08:50:29,FX,1
T06127,W0089,W0004,460427.39,2025-05-31 16:52:00,FX,0
T02388,W0026,W0063,484258.93,2025-05-31 11:04:00,BOND,0
T05600,W0065,W0027,530261.93,2025-05-31 18:37:00,BOND,0
T02755,W0075,W0030,311802.76,2025-05-31 12:04:00,USD,0
T03229,W0079,W0083,488849.02,2025-05-31 09:48:00,FX,0
T02849,W0038,W0034,551531.14,2025-05-31 11:01:00,BOND,0
T05302,W0059,W0026,593002.98,2025-05-31 18:53:00,BOND,0
T08264,W0051,W0068,1181902.86,2025-05-31 07:50:29,BOND,1
T03584,W0086,W0008,603534.81,2025-05-31 13:42:00,BOND,0
T03799,W0085,W0088,549058.76,2025-05-31 17:50:00,FX,0
T08279,W0073,W0038,985577.08,2025-05-31 06:50:29,USD,1
T04562,W0092,W0029,374862.7,2025-05-31 13:29:00,USD,0
T07146,W0015,W0087,619538.83,2025-05-31 17:46:00,USD,0
T07191,W0093,W0023,395518.76,2025-05-31 12:34:00,BOND,0
T07216,W0004,W0092,510128.51,2025-05-31 14:49:00,USD,0
T00147,W0047,W0087,589921.47,2025-05-31 16:22:00,FX,0
T07777,W0090,W0002,1022036.84,2025-05-31 08:50:29,BOND,1
T00996,W0083,W0078,486181.31,2025-05-31 17:59:00,FX,0
T06235,W0068,W0051,469357.99,2025-05-31 14:56:00,USD,0
T06001,W0041,W0052,496374.66,2025-05-31 18:24:00,FX,0
T06529,W0059,W0035,546920.77,2025-05-31 10:49:00,FX,0
T09327,W0090,W0031,1077677.05,2025-05-31 07:50:29,BOND,1
T01224,W0080,W0034,519431.69,2025-05-31 13:52:00,USD,0
T04520,W0046,W0062,455294.14,2025-05-31 18:34:00,FX,0
T02733,W0067,W0034,458630.42,2025-05-31 10:21:00,FX,0
T08925,W0061,W0091,1152645.79,2025-05-31 06:50:29,BOND,1
T00513,W0065,W0072,526679.67,2025-05-31 10:30:00,BOND,0
T09443,W0011,W0082,1113263.79,2025-05-31 06:50:29,USD,1
T09326,W0013,W0061,1025832.61,2025-05-31 06:50:29,USD,1
T04799,W0065,W0018,584216.68,2025-05-31 09:25:00,BOND,0
T05402,W0049,W0054,413581.9,2025-05-31 15:16:00,USD,0
T09485,W0100,W0074,1176190.71,2025-05-31 08:50:29,USD,1
T09607,W0033,W0005,925454.74,2025-05-31 07:50:29,FX,1
T01722,W0006,W0028,493460.43,2025-05-31 18:12:00,BOND,0
T09093,W0070,W0020,1012661.22,2025-05-31 08:50:29,BOND,1
T04730,W0024,W0027,526485.66,2025-05-31 16:00:00,FX,0
T07509,W0033,W0095,448886.51,2025-05-31 10:04:00,FX,0
T09626,W0030,W0075,1130340.35,2025-05-31 07:50:29,USD,1
T05209,W0050,W0036,389339.4,2025-05-31 12:01:00,FX,0
T05047,W0042,W0010,487295.56,2025-05-31 19:00:00,USD,0
T02970,W0015,W0051,486089.44,2025-05-31 12:53:00,USD,0
T07421,W0099,W0047,539349.17,2025-05-31 18:17:00,USD,0
T02876,W0066,W0061,517166.03,2025-05-31 11:30:00,USD,0
T07910,W0089,W0022,1020964.0,2025-05-31 08:50:29,USD,1
T03003,W0042,W0084,603324.4,2025-05-31 13:42:00,USD,0
T01002,W0011,W0083,396269.85,2025-05-31 09:34:00,FX,0
T07674,W0032,W0063,1025218.17,2025-05-31 07:50:29,FX,1
T01332,W0087,W0097,379497.6,2025-05-31 13:19:00,FX,0
T04244,W0002,W0099,534840.77,2025-05-31 15:16:00,FX,0
T06361,W0037,W0082,607870.18,2025-05-31 17:33:00,USD,0
T04708,W0002,W0019,448083.31,2025-05-31 18:25:00,FX,0
T00016,W0023,W0087,502263.55,2025-05-31 13:07:00,FX,0
T09910,W0076,W0007,946300.37,2025-05-31 08:50:29,BOND,1
T00504,W0099,W0001,535152.11,2025-05-31 18:48:00,BOND,0
T01927,W0078,W0016,642613.8,2025-05-31 09:13:00,BOND,0
T09900,W0024,W0095,977305.18,2025-05-31 06:50:29,USD,1
T06696,W0061,W0054,552854.63,2025-05-31 09:22:00,FX,0
T01811,W0079,W0015,560564.59,2025-05-31 18:55:00,USD,0
T05994,W0095,W0059,624583.87,2025-05-31 16:59:00,BOND,0
T04866,W0092,W0091,490877.19,2025-05-31 13:40:00,BOND,0
T07537,W0010,W0022,504384.56,2025-05-31 15:47:00,BOND,0
T07613,W0023,W0026,691078.32,2025-05-31 14:53:00,USD,0
T09235,W0032,W0032,1126189.38,2025-05-31 06:50:29,BOND,1
T09451,W0030,W0086,1198580.81,2025-05-31 08:50:29,USD,1
T09470,W0069,W0043,1180340.08,2025-05-31 07:50:29,FX,1
T00305,W0044,W0036,547420.21,2025-05-31 18:22:00,BOND,0
T00025,W0056,W0046,579009.76,2025-05-31 11:53:00,FX,0
T05743,W0018,W0012,551588.81,2025-05-31 17:21:00,USD,0
T07521,W0027,W0037,612531.43,2025-05-31 15:08:00,FX,0
T09143,W0049,W0005,1101003.17,2025-05-31 08:50:29,USD,1
T02959,W0027,W0072,505269.33,2025-05-31 13:40:00,BOND,0
T02932,W0009,W0002,547686.33,2025-05-31 11:29:00,BOND,0
T04586,W0011,W0026,516871.36,2025-05-31 17:20:00,USD,0
T08590,W0078,W0032,1081401.23,2025-05-31 07:50:29,BOND,1
T05348,W0038,W0092,513310.95,2025-05-31 11:50:00,BOND,0
T05040,W0084,W0075,369832.01,2025-05-31 14:36:00,USD,0
T00553,W0027,W0092,465525.73,2025-05-31 18:48:00,USD,0
T06320,W0024,W0066,582627.19,2025-05-31 17:28:00,BOND,0
T00651,W0015,W0024,478001.95,2025-05-31 18:58:00,BOND,0
T09285,W0080,W0009,911519.41,2025-05-31 06:50:29,USD,1
T04557,W0069,W0018,695460.56,2025-05-31 16:43:00,USD,0
T04431,W0068,W0074,519958.35,2025-05-31 13:08:00,USD,0
T02484,W0015,W0028,493993.31,2025-05-31 17:50:00,FX,0
T07209,W0016,W0060,530621.68,2025-05-31 18:00:00,FX,0
T00169,W0076,W0036,452913.91,2025-05-31 12:11:00,FX,0
T05959,W0080,W0069,547431.33,2025-05-31 17:39:00,BOND,0
T03071,W0034,W0074,589196.21,2025-05-31 09:49:00,USD,0
T06777,W0044,W0094,513015.86,2025-05-31 10:28:00,FX,0
T04835,W0016,W0065,495976.21,2025-05-31 12:31:00,FX,0
T00311,W0077,W0055,433113.51,2025-05-31 12:02:00,USD,0
T00051,W0028,W0052,532628.47,2025-05-31 10:59:00,FX,0
T05090,W0030,W0073,371681.65,2025-05-31 10:46:00,USD,0
T03508,W0006,W0083,540872.91,2025-05-31 17:59:00,USD,0
T05064,W0051,W0064,500654.32,2025-05-31 09:56:00,BOND,0
T02355,W0042,W0058,594497.92,2025-05-31 18:34:00,BOND,0
T07013,W0031,W0076,579713.93,2025-05-31 14:54:00,USD,0
T00689,W0056,W0075,587506.92,2025-05-31 17:48:00,FX,0
T05976,W0026,W0040,603873.12,2025-05-31 16:43:00,USD,0
T03978,W0039,W0035,444945.29,2025-05-31 09:31:00,FX,0
T02747,W0006,W0036,367395.07,2025-05-31 09:28:00,FX,0
T06081,W0078,W0085,487394.84,2025-05-31 09:12:00,USD,0
T02447,W0096,W0071,483740.24,2025-05-31 09:16:00,USD,0
T02919,W0029,W0027,513724.09,2025-05-31 18:48:00,FX,0
T05706,W0074,W0030,670674.42,2025-05-31 11:13:00,USD,0
T05368,W0082,W0022,362297.24,2025-05-31 12:17:00,FX,0
T07289,W0056,W0100,468029.87,2025-05-31 12:29:00,FX,0
T04978,W0054,W0035,407757.68,2025-05-31 12:34:00,BOND,0
T01622,W0011,W0066,549069.72,2025-05-31 17:35:00,USD,0
T01267,W0054,W0075,422774.74,2025-05-31 10:33:00,FX,0
T08317,W0018,W0092,950220.33,2025-05-31 08:50:29,BOND,1
T09757,W0043,W0005,1059681.83,2025-05-31 08:50:29,FX,1
T01162,W0094,W0001,601297.87,2025-05-31 15:53:00,BOND,0
T04336,W0092,W0065,427545.85,2025-05-31 10:41:00,BOND,0
T02390,W0008,W0014,488642.71,2025-05-31 11:52:00,FX,0
T08656,W0075,W0037,904820.44,2025-05-31 08:50:29,BOND,1
T00492,W0095,W0050,407714.78,2025-05-31 10:24:00,USD,0
T05885,W0076,W0019,308130.61,2025-05-31 09:01:00,FX,0
T02592,W0024,W0084,660735.53,2025-05-31 18:39:00,BOND,0
T00318,W0030,W0009,493219.34,2025-05-31 15:53:00,BOND,0
T05071,W0067,W0018,516957.53,2025-05-31 14:39:00,USD,0
T01345,W0037,W0017,525421.62,2025-05-31 12:17:00,FX,0
T00679,W0006,W0012,307089.02,2025-05-31 16:35:00,USD,0
T08312,W0017,W0048,975236.94,2025-05-31 07:50:29,USD,1
T09960,W0033,W0045,972524.85,2025-05-31 07:50:29,USD,1
T02430,W0099,W0020,386722.93,2025-05-31 16:33:00,BOND,0
T06097,W0022,W0064,489303.18,2025-05-31 17:50:00,BOND,0
T03869,W0033,W0039,576269.79,2025-05-31 12:23:00,USD,0
T06757,W0058,W0054,580562.27,2025-05-31 17:37:00,USD,0
T04990,W0013,W0039,501505.63,2025-05-31 13:33:00,FX,0
T09990,W0035,W0090,1061291.93,2025-05-31 08:50:29,BOND,1
T05576,W0055,W0037,436092.47,2025-05-31 15:07:00,FX,0
T04707,W0012,W0090,506296.62,2025-05-31 11:53:00,BOND,0
T06527,W0019,W0064,401127.52,2025-05-31 17:23:00,BOND,0
T08531,W0020,W0053,1173872.31,2025-05-31 06:50:29,BOND,1
T01177,W0017,W0048,421891.4,2025-05-31 13:48:00,BOND,0
T08877,W0071,W0013,1064493.0,2025-05-31 06:50:29,BOND,1
T08148,W0020,W0037,1163389.27,2025-05-31 06:50:29,FX,1
T03197,W0008,W0094,431947.45,2025-05-31 14:15:00,FX,0
T07915,W0046,W0097,1188901.6,2025-05-31 06:50:29,USD,1
T01229,W0023,W0012,371569.28,2025-05-31 09:23:00,FX,0
T03321,W0052,W0046,551415.46,2025-05-31 09:06:00,FX,0
T05104,W0018,W0063,389707.95,2025-05-31 09:14:00,BOND,0
T05920,W0050,W0046,545892.24,2025-05-31 13:33:00,FX,0
T07098,W0020,W0025,508525.56,2025-05-31 10:01:00,FX,0
T05386,W0045,W0040,539629.19,2025-05-31 11:05:00,FX,0
T01668,W0043,W0031,560748.97,2025-05-31 10:40:00,USD,0
T03962,W0002,W0086,393504.97,2025-05-31 18:17:00,USD,0
T09612,W0029,W0015,1169186.64,2025-05-31 06:50:29,BOND,1
T01480,W0081,W0004,490336.13,2025-05-31 16:41:00,USD,0
T00508,W0032,W0050,420544.75,2025-05-31 09:48:00,BOND,0
T00974,W0021,W0014,511991.22,2025-05-31 13:56:00,USD,0
T01512,W0017,W0086,393339.15,2025-05-31 10:32:00,FX,0
T02915,W0026,W0026,528484.02,2025-05-31 11:41:00,USD,0
T09762,W0084,W0097,1122008.91,2025-05-31 06:50:29,USD,1
T03956,W0073,W0018,478964.13,2025-05-31 10:16:00,USD,0
T07286,W0092,W0073,527110.94,2025-05-31 18:38:00,USD,0
T02161,W0018,W0087,397973.92,2025-05-31 11:44:00,USD,0
T08141,W0029,W0051,1174804.49,2025-05-31 06:50:29,BOND,1
T02804,W0043,W0061,495007.74,2025-05-31 18:10:00,BOND,0
T05278,W0053,W0051,489117.2,2025-05-31 18:58:00,FX,0
T09723,W0089,W0049,1119409.28,2025-05-31 08:50:29,BOND,1
T09534,W0090,W0084,1009107.74,2025-05-31 08:50:29,FX,1
T05623,W0022,W0052,559115.87,2025-05-31 16:26:00,USD,0
T09171,W0035,W0042,984875.51,2025-05-31 06:50:29,USD,1
T09698,W0030,W0017,1141893.24,2025-05-31 06:50:29,BOND,1
T07912,W0061,W0013,1052433.8,2025-05-31 08:50:29,BOND,1
T05216,W0098,W0083,444530.69,2025-05-31 09:39:00,FX,0
T09220,W0033,W0100,1026277.4,2025-05-31 06:50:29,BOND,1
T04434,W0038,W0084,505368.07,2025-05-31 16:38:00,FX,0
T03212,W0054,W0079,360638.42,2025-05-31 13:26:00,BOND,0
T04209,W0037,W0047,471376.77,2025-05-31 16:39:00,FX,0
T05561,W0088,W0095,495878.21,2025-05-31 14:06:00,USD,0
T05702,W0019,W0029,486363.88,2025-05-31 09:16:00,USD,0
T08378,W0084,W0053,921179.88,2025-05-31 07:50:29,USD,1
T05229,W0024,W0023,542999.65,2025-05-31 12:05:00,FX,0
T02095,W0042,W0029,441902.1,2025-05-31 15:05:00,FX,0
T04345,W0034,W0061,593864.48,2025-05-31 15:04:00,USD,0
T07351,W0050,W0083,556175.28,2025-05-31 18:42:00,FX,0
T09358,W0095,W0077,1001863.51,2025-05-31 07:50:29,USD,1
T06058,W0083,W0057,581618.01,2025-05-31 10:37:00,FX,0
T06556,W0026,W0052,405075.55,2025-05-31 17:17:00,FX,0
T03375,W0021,W0091,530643.31,2025-05-31 14:05:00,FX,0
T05033,W0047,W0052,506638.95,2025-05-31 15:22:00,FX,0
T02504,W0077,W0021,608617.1,2025-05-31 13:50:00,USD,0
T00656,W0050,W0081,554279.77,2025-05-31 16:47:00,USD,0
T02146,W0032,W0066,507667.19,2025-05-31 13:16:00,BOND,0
T03947,W0087,W0089,429581.11,2025-05-31 17:43:00,USD,0
T07335,W0082,W0041,476583.92,2025-05-31 14:34:00,USD,0
T03820,W0022,W0070,375213.12,2025-05-31 18:57:00,FX,0
T02556,W0033,W0075,376878.59,2025-05-31 18:14:00,BOND,0
T08454,W0091,W0080,1056775.8,2025-05-31 06:50:29,USD,1
T03819,W0083,W0012,580833.61,2025-05-31 14:56:00,FX,0
T03260,W0089,W0084,325676.84,2025-05-31 15:12:00,BOND,0
T08032,W0050,W0022,904358.74,2025-05-31 07:50:29,BOND,1
T01933,W0049,W0009,569191.86,2025-05-31 15:42:00,FX,0
T06899,W0037,W0097,549205.47,2025-05-31 09:07:00,USD,0
T03582,W0095,W0078,351392.75,2025-05-31 10:52:00,BOND,0
T00046,W0034,W0085,488002.79,2025-05-31 18:08:00,FX,0
T04052,W0027,W0052,580096.74,2025-05-31 16:16:00,BOND,0
T01716,W0002,W0018,517595.7,2025-05-31 15:45:00,BOND,0
T08101,W0011,W0026,1021838.02,2025-05-31 08:50:29,FX,1
T05776,W0016,W0054,403535.24,2025-05-31 17:00:00,USD,0
T06389,W0047,W0020,564539.26,2025-05-31 18:48:00,BOND,0
T08596,W0055,W0022,995155.78,2025-05-31 06:50:29,USD,1
T05899,W0038,W0032,613026.46,2025-05-31 11:52:00,BOND,0
T09131,W0072,W0074,972709.59,2025-05-31 08:50:29,USD,1
T02524,W0061,W0039,511601.17,2025-05-31 16:20:00,FX,0
T02181,W0051,W0032,549847.77,2025-05-31 14:58:00,USD,0
T00385,W0054,W0056,573187.17,2025-05-31 14:13:00,USD,0
T09917,W0047,W0036,1149807.65,2025-05-31 08:50:29,BOND,1
T06960,W0064,W0019,510460.83,2025-05-31 15:49:00,FX,0
T04732,W0060,W0018,356627.08,2025-05-31 18:51:00,FX,0
T08654,W0029,W0002,1182067.61,2025-05-31 06:50:29,FX,1
T06130,W0006,W0061,432503.92,2025-05-31 17:18:00,FX,0
T03181,W0006,W0100,477521.24,2025-05-31 11:52:00,BOND,0
T09210,W0011,W0051,945410.99,2025-05-31 08:50:29,FX,1
T00004,W0080,W0064,485398.92,2025-05-31 09:54:00,FX,0
T02450,W0051,W0014,635211.31,2025-05-31 12:14:00,USD,0
T03204,W0020,W0050,525596.74,2025-05-31 14:35:00,FX,0
T01080,W0042,W0077,432888.02,2025-05-31 12:11:00,FX,0
T07641,W0001,W0055,437437.97,2025-05-31 14:09:00,FX,0
T06323,W0047,W0098,512822.22,2025-05-31 10:18:00,USD,0
T08628,W0060,W0080,993598.26,2025-05-31 07:50:29,FX,1
T01406,W0057,W0043,437175.44,2025-05-31 13:19:00,BOND,0
T01448,W0047,W0028,361891.76,2025-05-31 12:30:00,USD,0
T02280,W0084,W0092,399842.02,2025-05-31 13:19:00,BOND,0
T00491,W0040,W0062,580014.42,2025-05-31 18:57:00,FX,0
T08594,W0026,W0009,943983.6,2025-05-31 07:50:29,BOND,1
T04828,W0082,W0068,564609.44,2025-05-31 11:31:00,FX,0
T05670,W0097,W0093,547810.2,2025-05-31 11:54:00,USD,0
T03788,W0058,W0040,546594.82,2025-05-31 15:24:00,BOND,0
T06560,W0063,W0008,429683.5,2025-05-31 17:31:00,BOND,0
T00874,W0073,W0073,610389.62,2025-05-31 16:28:00,FX,0
T00864,W0085,W0018,486493.66,2025-05-31 13:16:00,FX,0
T02017,W0085,W0100,391544.51,2025-05-31 09:55:00,BOND,0
T03069,W0005,W0070,336887.79,2025-05-31 13:24:00,USD,0
T03103,W0040,W0087,507608.9,2025-05-31 13:33:00,USD,0
T08839,W0075,W0079,1045422.27,2025-05-31 07:50:29,FX,1
T00250,W0077,W0050,433549.61,2025-05-31 14:22:00,FX,0
T02323,W0043,W0097,385426.53,2025-05-31 10:02:00,FX,0
T07054,W0039,W0006,432702.42,2025-05-31 12:49:00,USD,0
T07450,W0093,W0070,547657.44,2025-05-31 11:59:00,BOND,0
T04986,W0038,W0041,551738.58,2025-05-31 11:08:00,BOND,0
T01530,W0072,W0023,614814.99,2025-05-31 17:34:00,USD,0
T05684,W0052,W0016,579875.82,2025-05-31 15:05:00,USD,0
T06855,W0038,W0070,567703.52,2025-05-31 17:12:00,BOND,0
T00406,W0061,W0010,570196.47,2025-05-31 14:08:00,FX,0
T03736,W0064,W0009,379127.07,2025-05-31 16:41:00,USD,0
T07152,W0008,W0032,488250.34,2025-05-31 18:17:00,USD,0
T08222,W0077,W0050,1088284.86,2025-05-31 06:50:29,USD,1
T07621,W0031,W0081,442365.28,2025-05-31 10:50:00,BOND,0
T03449,W0076,W0037,445734.63,2025-05-31 09:16:00,FX,0
T06437,W0032,W0040,550144.92,2025-05-31 12:02:00,BOND,0
T02436,W0089,W0010,337021.84,2025-05-31 09:52:00,USD,0
T03841,W0065,W0075,476072.67,2025-05-31 18:03:00,USD,0
T07058,W0041,W0076,397295.71,2025-05-31 13:31:00,BOND,0
T00895,W0075,W0018,564663.27,2025-05-31 12:23:00,BOND,0
T04242,W0070,W0098,550194.96,2025-05-31 15:08:00,BOND,0
T00188,W0095,W0029,479502.04,2025-05-31 14:56:00,BOND,0
T09928,W0056,W0049,933895.83,2025-05-31 06:50:29,USD,1
T01081,W0061,W0075,463388.95,2025-05-31 16:10:00,FX,0
T09596,W0039,W0019,1011969.21,2025-05-31 07:50:29,USD,1
T07639,W0067,W0035,391530.7,2025-05-31 10:43:00,USD,0
T05811,W0066,W0056,550076.41,2025-05-31 09:03:00,FX,0
T08255,W0054,W0048,1019723.74,2025-05-31 06:50:29,BOND,1
T01544,W0015,W0057,407513.24,2025-05-31 11:03:00,BOND,0
T01809,W0081,W0001,424694.77,2025-05-31 13:02:00,FX,0
T02171,W0072,W0080,554106.72,2025-05-31 10:41:00,BOND,0
T03916,W0041,W0048,552351.66,2025-05-31 12:29:00,USD,0
T02987,W0098,W0007,588105.18,2025-05-31 16:03:00,FX,0
T00010,W0040,W0012,478500.54,2025-05-31 13:22:00,FX,0
T03422,W0100,W0035,472565.5,2025-05-31 09:17:00,BOND,0
T06563,W0087,W0015,414415.41,2025-05-31 09:31:00,USD,0
T08059,W0021,W0063,907696.93,2025-05-31 06:50:29,USD,1
T06154,W0053,W0067,596027.1,2025-05-31 09:52:00,BOND,0
T06438,W0035,W0086,673862.85,2025-05-31 13:50:00,BOND,0
T06984,W0090,W0039,392819.94,2025-05-31 14:09:00,BOND,0
T01998,W0060,W0047,691350.43,2025-05-31 18:56:00,USD,0
T02148,W0044,W0031,448700.81,2025-05-31 12:47:00,BOND,0
T06468,W0008,W0046,537083.75,2025-05-31 13:36:00,BOND,0
T03159,W0011,W0095,277750.19,2025-05-31 13:28:00,USD,0
T08005,W0070,W0088,945490.81,2025-05-31 08:50:29,BOND,1
T04927,W0100,W0042,574617.63,2025-05-31 17:04:00,FX,0
T01427,W0008,W0073,468479.52,2025-05-31 15:56:00,USD,0
T02299,W0096,W0029,538056.24,2025-05-31 16:47:00,BOND,0
T08756,W0049,W0009,1100880.62,2025-05-31 08:50:29,USD,1
T01238,W0043,W0070,562164.15,2025-05-31 09:17:00,BOND,0
T05961,W0007,W0049,527427.84,2025-05-31 18:57:00,USD,0
T04879,W0045,W0013,390814.77,2025-05-31 10:18:00,FX,0
T08670,W0071,W0050,1070345.91,2025-05-31 07:50:29,USD,1
T08566,W0063,W0010,1075966.82,2025-05-31 06:50:29,FX,1
T06950,W0036,W0003,600319.93,2025-05-31 13:33:00,USD,0
T05888,W0026,W0039,433304.51,2025-05-31 09:28:00,BOND,0
T09349,W0079,W0068,1089828.71,2025-05-31 08:50:29,USD,1
T01294,W0022,W0021,642745.73,2025-05-31 10:15:00,BOND,0
T06728,W0020,W0084,650034.73,2025-05-31 18:31:00,BOND,0
T01135,W0045,W0073,607709.19,2025-05-31 09:02:00,FX,0
T06672,W0009,W0069,558019.32,2025-05-31 17:08:00,USD,0
T07898,W0047,W0062,1156609.68,2025-05-31 07:50:29,FX,1
T07325,W0042,W0007,378932.48,2025-05-31 16:47:00,BOND,0
T05712,W0059,W0043,544889.89,2025-05-31 12:29:00,USD,0
T08373,W0088,W0056,1039286.86,2025-05-31 08:50:29,FX,1
T00962,W0023,W0075,489277.17,2025-05-31 14:05:00,FX,0
T00282,W0053,W0057,471574.55,2025-05-31 15:53:00,FX,0
T08512,W0039,W0097,1122273.36,2025-05-31 06:50:29,FX,1
T03470,W0019,W0075,462234.45,2025-05-31 09:19:00,FX,0
T09635,W0081,W0037,1179297.58,2025-05-31 06:50:29,BOND,1
T05413,W0031,W0047,598221.68,2025-05-31 16:20:00,BOND,0
T09251,W0005,W0048,923464.06,2025-05-31 06:50:29,USD,1
T08288,W0087,W0083,1161805.19,2025-05-31 06:50:29,FX,1
T06635,W0089,W0080,564119.58,2025-05-31 15:53:00,FX,0
T03953,W0051,W0050,529908.02,2025-05-31 09:19:00,FX,0
T01901,W0081,W0029,611774.97,2025-05-31 14:23:00,FX,0
T06648,W0083,W0010,382279.09,2025-05-31 13:56:00,BOND,0
T04219,W0055,W0029,505932.93,2025-05-31 12:14:00,USD,0
